# column 1: wavelength; lambda (micron)
# column 2: specific luminosity; L_nu (W/Hz)
# column 3: luminosity in bin (Lsun)
# column 4: luminosity fraction for source 1 (1)
# column 5: luminosity fraction for source 2 (1)
9.045152704e-02 1.475634606e+20 1.275121090e+07 5.073705965e-02 9.492629403e-01
9.136138837e-02 4.271735901e+20 3.654518834e+07 7.241522634e-02 9.275847737e-01
9.228040208e-02 2.120506795e+20 1.796051108e+07 1.087674055e-01 8.912325945e-01
9.320866026e-02 4.137355944e+20 3.469405961e+07 1.473771542e-01 8.526228458e-01
9.414625587e-02 4.600602296e+20 3.819443932e+07 2.349281844e-01 7.650718156e-01
9.509328286e-02 4.243330806e+20 3.487751628e+07 1.343352851e-01 8.656647149e-01
9.604983610e-02 5.873048594e+20 4.779202875e+07 2.657940467e-01 7.342059533e-01
9.701601140e-02 4.223404707e+20 3.402575608e+07 1.902303716e-01 8.097696284e-01
9.799190556e-02 5.275125532e+20 4.207567542e+07 1.761260349e-01 8.238739651e-01
9.897761634e-02 3.971324021e+20 3.136077831e+07 2.906956535e-01 7.093043465e-01
9.997324249e-02 6.462067780e+20 5.052149941e+07 3.108949657e-01 6.891050343e-01
1.009788837e-01 5.256023719e+20 4.068321363e+07 2.769483971e-01 7.230516029e-01
1.019946408e-01 5.286221516e+20 4.050946479e+07 2.343697304e-01 7.656302696e-01
1.030206156e-01 5.043521017e+20 3.826468961e+07 2.149969377e-01 7.850030623e-01
1.040569107e-01 6.575246628e+20 4.938893026e+07 3.024047515e-01 6.975952485e-01
1.051036300e-01 7.335086785e+20 5.454764953e+07 3.271148423e-01 6.728851577e-01
1.061608783e-01 5.862995157e+20 4.316617160e+07 3.274752363e-01 6.725247637e-01
1.072287616e-01 6.145268756e+20 4.479381901e+07 3.083286069e-01 6.916713931e-01
1.083073869e-01 6.293544972e+20 4.541776537e+07 3.000289444e-01 6.999710556e-01
1.093968622e-01 7.288065143e+20 5.207099552e+07 3.551257334e-01 6.448742666e-01
1.104972966e-01 7.154009585e+20 5.060417689e+07 3.755201276e-01 6.244798724e-01
1.116088004e-01 6.450240367e+20 4.517165045e+07 4.122117765e-01 5.877882235e-01
1.127314850e-01 5.543023745e+20 3.843173680e+07 3.491447465e-01 6.508552535e-01
1.138654627e-01 6.916263954e+20 4.747533571e+07 3.436423291e-01 6.563576709e-01
1.150108473e-01 7.477971163e+20 5.081986226e+07 3.679016096e-01 6.320983904e-01
1.161677534e-01 6.898359455e+20 4.641397143e+07 3.928794948e-01 6.071205052e-01
1.173362969e-01 4.986169065e+20 3.321414846e+07 4.116324212e-01 5.883675788e-01
1.185165949e-01 6.816651678e+20 4.495525214e+07 4.129842160e-01 5.870157840e-01
1.197087657e-01 6.483008639e+20 4.232911104e+07 3.590483039e-01 6.409516961e-01
1.209129286e-01 5.149745321e+20 3.328905845e+07 2.236879853e-01 7.763120147e-01
1.221292044e-01 5.910733015e+20 3.782773304e+07 2.932048672e-01 7.067951328e-01
1.233577147e-01 6.397291009e+20 4.053389070e+07 4.217978355e-01 5.782021645e-01
1.245985828e-01 7.510750682e+20 4.711495097e+07 3.864133185e-01 6.135866815e-01
1.258519329e-01 7.683637019e+20 4.771945230e+07 3.900243104e-01 6.099756896e-01
1.271178906e-01 8.081687035e+20 4.969169958e+07 4.362738393e-01 5.637261607e-01
1.283965827e-01 8.307559349e+20 5.057180885e+07 4.477683701e-01 5.522316299e-01
1.296881373e-01 7.219325471e+20 4.350957783e+07 4.009820139e-01 5.990179861e-01
1.309926838e-01 7.787347564e+20 4.646554321e+07 4.141693359e-01 5.858306641e-01
1.323103529e-01 7.872028635e+20 4.650303929e+07 4.475362653e-01 5.524637347e-01
1.336412765e-01 6.329710935e+20 3.701960346e+07 3.738046059e-01 6.261953941e-01
1.349855880e-01 8.054487566e+20 4.663790282e+07 4.468517898e-01 5.531482102e-01
1.363434221e-01 7.268278241e+20 4.166638809e+07 4.395698240e-01 5.604301760e-01
1.377149147e-01 7.671090831e+20 4.353761634e+07 4.495461903e-01 5.504538097e-01
1.391002034e-01 6.035969165e+20 3.391624375e+07 5.217737405e-01 4.782262595e-01
1.404994268e-01 8.175709981e+20 4.548198651e+07 4.190550659e-01 5.809449341e-01
1.419127252e-01 7.073875018e+20 3.896050188e+07 4.737844745e-01 5.262155255e-01
1.433402401e-01 7.024167690e+20 3.830145249e+07 4.577538126e-01 5.422461874e-01
1.447821145e-01 7.558325098e+20 4.080366311e+07 4.853177719e-01 5.146822281e-01
1.462384928e-01 7.204390786e+20 3.850561463e+07 4.685937844e-01 5.314062156e-01
1.477095211e-01 7.441422777e+20 3.937639833e+07 4.566203620e-01 5.433796380e-01
1.491953465e-01 7.473622366e+20 3.915293943e+07 4.458737485e-01 5.541262515e-01
1.506961180e-01 7.458881894e+20 3.868656462e+07 4.828107609e-01 5.171892391e-01
1.522119860e-01 7.744951944e+20 3.977025497e+07 5.269272240e-01 4.730727760e-01
1.537431022e-01 5.585465621e+20 2.839567805e+07 5.661671443e-01 4.338328557e-01
1.552896201e-01 7.149161320e+20 3.598331494e+07 3.911966062e-01 6.088033938e-01
1.568516945e-01 6.092371706e+20 3.035887528e+07 4.592732930e-01 5.407267070e-01
1.584294821e-01 6.506012003e+20 3.209721550e+07 4.562434093e-01 5.437565907e-01
1.600231407e-01 6.868917272e+20 3.355011370e+07 4.681853037e-01 5.318146963e-01
1.616328301e-01 7.572973175e+20 3.662059038e+07 5.152445236e-01 4.847554764e-01
1.632587116e-01 7.319618371e+20 3.504294314e+07 5.287747913e-01 4.712252087e-01
1.649009480e-01 7.801855583e+20 3.697968905e+07 5.214718847e-01 4.785281153e-01
1.665597038e-01 6.887294596e+20 3.231969252e+07 4.798231457e-01 5.201768543e-01
1.682351452e-01 7.475108919e+20 3.472876169e+07 4.820823028e-01 5.179176972e-01
1.699274400e-01 7.065613476e+20 3.249936394e+07 4.940947278e-01 5.059052722e-01
1.716367579e-01 6.844576353e+20 3.116913648e+07 5.432593572e-01 4.567406428e-01
1.733632699e-01 7.263840580e+20 3.274897523e+07 4.918649300e-01 5.081350700e-01
1.751071491e-01 7.481594113e+20 3.339479383e+07 5.119201551e-01 4.880798449e-01
1.768685701e-01 7.513062717e+20 3.320128173e+07 5.265527056e-01 4.734472944e-01
1.786477095e-01 6.957508602e+20 3.044001065e+07 5.193032240e-01 4.806967760e-01
1.804447454e-01 7.581023378e+20 3.283765204e+07 5.237301340e-01 4.762698660e-01
1.822598579e-01 6.573827938e+20 2.819134562e+07 4.954930946e-01 5.045069054e-01
1.840932287e-01 7.403207122e+20 3.143189649e+07 5.417182193e-01 4.582817807e-01
1.859450417e-01 6.547775369e+20 2.752312041e+07 4.899717637e-01 5.100282363e-01
1.878154822e-01 6.524706631e+20 2.715301753e+07 4.908302662e-01 5.091697338e-01
1.897047377e-01 6.818530432e+20 2.809319323e+07 5.336217572e-01 4.663782428e-01
1.916129974e-01 7.281157319e+20 2.970051298e+07 5.480881200e-01 4.519118800e-01
1.935404525e-01 6.703992554e+20 2.707386578e+07 5.263087729e-01 4.736912271e-01
1.954872961e-01 6.253831741e+20 2.500438361e+07 5.216684286e-01 4.783315714e-01
1.974537231e-01 7.675082368e+20 3.038129056e+07 5.576264253e-01 4.423735747e-01
1.994399307e-01 6.513743115e+20 2.552742524e+07 5.208190678e-01 4.791809322e-01
2.014461177e-01 7.145470718e+20 2.772429058e+07 5.452000597e-01 4.547999403e-01
2.034724852e-01 6.451712021e+20 2.478322300e+07 5.120701519e-01 4.879298481e-01
2.055192361e-01 7.098916555e+20 2.699778252e+07 5.354991335e-01 4.645008665e-01
2.075865755e-01 7.578877343e+20 2.853606689e+07 5.710541082e-01 4.289458918e-01
2.096747105e-01 7.123359828e+20 2.655383982e+07 5.592775538e-01 4.407224462e-01
2.117838502e-01 7.592598366e+20 2.802115858e+07 5.753480495e-01 4.246519505e-01
2.139142060e-01 7.529710915e+20 2.751231759e+07 5.648064441e-01 4.351935559e-01
2.160659913e-01 7.715351548e+20 2.790986946e+07 5.769082559e-01 4.230917441e-01
2.182394216e-01 7.318816887e+20 2.621175982e+07 5.585875148e-01 4.414124852e-01
2.204347147e-01 7.494473442e+20 2.657355364e+07 5.717038087e-01 4.282961913e-01
2.226520904e-01 6.772723290e+20 2.377524800e+07 5.314189556e-01 4.685810444e-01
2.248917710e-01 7.097740735e+20 2.466806405e+07 5.572655676e-01 4.427344324e-01
2.271539807e-01 6.915571816e+20 2.379557722e+07 5.511831144e-01 4.488168856e-01
2.294389463e-01 7.180140705e+20 2.445987966e+07 5.736605459e-01 4.263394541e-01
2.317468965e-01 6.840636933e+20 2.307124942e+07 5.572489138e-01 4.427510862e-01
2.340780627e-01 6.680664195e+20 2.230732160e+07 5.532204430e-01 4.467795570e-01
2.364326783e-01 6.929149133e+20 2.290661450e+07 5.721096021e-01 4.278903979e-01
2.388109792e-01 6.382207103e+20 2.088839657e+07 5.399853819e-01 4.600146181e-01
2.412132037e-01 6.476060214e+20 2.098448435e+07 5.519491452e-01 4.480508548e-01
2.436395924e-01 6.572437743e+20 2.108468499e+07 5.661080737e-01 4.338919263e-01
2.460903885e-01 6.744798100e+20 2.142213750e+07 5.781886405e-01 4.218113595e-01
2.485658373e-01 6.361485753e+20 2.000348293e+07 5.617148729e-01 4.382851271e-01
2.510661869e-01 6.739729368e+20 2.098179945e+07 5.883454740e-01 4.116545260e-01
2.535916878e-01 6.615622151e+20 2.039032645e+07 5.836701344e-01 4.163298656e-01
2.561425930e-01 6.604186652e+20 2.015236580e+07 5.877852610e-01 4.122147390e-01
2.587191580e-01 6.558247051e+20 1.981288340e+07 5.902436525e-01 4.097563475e-01
2.613216410e-01 6.538160572e+20 1.955549016e+07 5.941581119e-01 4.058418881e-01
2.639503026e-01 7.112075649e+20 2.106021030e+07 6.301497701e-01 3.698502299e-01
2.666054062e-01 7.016163134e+20 2.056928649e+07 6.301380011e-01 3.698619989e-01
2.692872177e-01 7.173127240e+20 2.082002736e+07 6.433890231e-01 3.566109769e-01
2.719960059e-01 6.352806917e+20 1.825541161e+07 6.003868023e-01 3.996131977e-01
2.747320420e-01 5.821733910e+20 1.656271534e+07 5.703046168e-01 4.296953832e-01
2.774956002e-01 7.392233444e+20 2.082131104e+07 6.630962079e-01 3.369037921e-01
2.802869574e-01 5.844336215e+20 1.629749301e+07 5.812560732e-01 4.187439268e-01
2.831063930e-01 7.459060893e+20 2.059315917e+07 6.749374000e-01 3.250626000e-01
2.859541897e-01 7.246223426e+20 1.980631843e+07 6.693254177e-01 3.306745823e-01
2.888306327e-01 7.243533902e+20 1.960179062e+07 6.729254111e-01 3.270745889e-01
2.917360101e-01 7.672569769e+20 2.055603307e+07 6.937930180e-01 3.062069820e-01
2.946706130e-01 8.437826161e+20 2.238114225e+07 7.261894572e-01 2.738105428e-01
2.976347354e-01 8.238934123e+20 2.163594739e+07 7.214607704e-01 2.785392296e-01
3.006286742e-01 8.324812304e+20 2.164375201e+07 7.290520234e-01 2.709479766e-01
3.036527293e-01 8.686755824e+20 2.235985204e+07 7.424997312e-01 2.575002688e-01
3.067072037e-01 6.879532305e+20 1.753167609e+07 6.787841820e-01 3.212158180e-01
3.097924034e-01 6.727678907e+20 1.697395287e+07 6.757893221e-01 3.242106779e-01
3.129086375e-01 8.674977131e+20 2.166902085e+07 7.509353140e-01 2.490646860e-01
3.160562180e-01 7.509979323e+20 1.857218079e+07 7.164384684e-01 2.835615316e-01
3.192354604e-01 7.598882869e+20 1.860489075e+07 7.210026650e-01 2.789973350e-01
3.224466832e-01 8.372489789e+20 2.029482043e+07 7.518417138e-01 2.481582862e-01
3.256902079e-01 8.456501290e+20 2.029432067e+07 7.578907285e-01 2.421092715e-01
3.289663596e-01 9.428383621e+20 2.240135334e+07 7.856903592e-01 2.143096408e-01
3.322754665e-01 9.736499926e+20 2.290303775e+07 7.953588324e-01 2.046411676e-01
3.356178600e-01 9.583909502e+20 2.231958631e+07 7.946801874e-01 2.053198126e-01
3.389938750e-01 8.916333104e+20 2.055809809e+07 7.813528892e-01 2.186471108e-01
3.424038497e-01 9.008770857e+20 2.056436966e+07 7.857119642e-01 2.142880358e-01
3.458481257e-01 8.866205534e+20 2.003737697e+07 7.852028132e-01 2.147971868e-01
3.493270480e-01 9.003830386e+20 2.014575703e+07 7.907148100e-01 2.092851900e-01
3.528409651e-01 8.946350837e+20 1.981779923e+07 7.924227735e-01 2.075772265e-01
3.563902291e-01 1.060108947e+21 2.324947827e+07 8.270905216e-01 1.729094784e-01
3.599751955e-01 1.057125941e+21 2.295316900e+07 8.292803409e-01 1.707196591e-01
3.635962235e-01 8.328648191e+20 1.790373554e+07 7.857564837e-01 2.142435163e-01
3.672536758e-01 1.208669403e+21 2.572348922e+07 8.377654527e-01 1.622345473e-01
3.709479187e-01 9.640473898e+20 2.031299421e+07 7.983145417e-01 2.016854583e-01
3.746793225e-01 9.419026410e+20 1.964874375e+07 7.923936623e-01 2.076063377e-01
3.784482608e-01 1.798611730e+21 3.714662897e+07 8.877481321e-01 1.122518679e-01
3.822551112e-01 1.375097603e+21 2.811698338e+07 8.527873432e-01 1.472126568e-01
3.861002552e-01 1.179500204e+21 2.387736687e+07 8.272015854e-01 1.727984146e-01
3.899840779e-01 1.594859489e+21 3.196421556e+07 8.778827908e-01 1.221172092e-01
3.939069683e-01 1.433633745e+21 2.844677592e+07 8.615458041e-01 1.384541959e-01
3.978693195e-01 1.446797678e+21 2.842207966e+07 8.697457901e-01 1.302542099e-01
4.018715284e-01 2.078111165e+21 4.041755495e+07 9.065070341e-01 9.349296595e-02
4.059139960e-01 1.794863930e+21 3.456097646e+07 8.924554280e-01 1.075445720e-01
4.099971271e-01 1.581927155e+21 3.015741884e+07 8.865725208e-01 1.134274792e-01
4.141213309e-01 2.149696515e+21 4.057308696e+07 9.132694940e-01 8.673050598e-02
4.182870205e-01 1.861524286e+21 3.478426398e+07 9.006691341e-01 9.933086587e-02
4.224946132e-01 2.164148779e+21 4.003634642e+07 9.155679871e-01 8.443201286e-02
4.267445305e-01 2.220374801e+21 4.066743926e+07 9.190664746e-01 8.093352536e-02
4.310371982e-01 1.741286277e+21 3.157504127e+07 8.986796644e-01 1.013203356e-01
4.353730462e-01 1.520374739e+21 2.729465486e+07 8.881473141e-01 1.118526859e-01
4.397525090e-01 2.318553974e+21 4.120950374e+07 9.256737520e-01 7.432624798e-02
4.441760253e-01 2.338648305e+21 4.115269702e+07 9.265340028e-01 7.346599716e-02
4.486440382e-01 2.445111898e+21 4.259762032e+07 9.307425476e-01 6.925745241e-02
4.531569953e-01 2.108355248e+21 3.636500078e+07 9.204727066e-01 7.952729338e-02
4.577153487e-01 2.669729336e+21 4.558902017e+07 9.379557143e-01 6.204428566e-02
4.623195550e-01 2.654054533e+21 4.487000097e+07 9.375109307e-01 6.248906929e-02
4.669700755e-01 2.422314710e+21 4.054431954e+07 9.306655614e-01 6.933443857e-02
4.716673762e-01 2.440621916e+21 4.044391312e+07 9.336820256e-01 6.631797436e-02
4.764119274e-01 2.268322308e+21 3.721436719e+07 9.301398592e-01 6.986014084e-02
4.812042046e-01 2.626186828e+21 4.265644964e+07 9.404389912e-01 5.956100880e-02
4.860446878e-01 2.080434281e+21 3.345540571e+07 9.291920371e-01 7.080796286e-02
4.909338619e-01 2.652559907e+21 4.223093658e+07 9.424044919e-01 5.759550813e-02
4.958722167e-01 1.894717956e+21 2.986505338e+07 9.205515218e-01 7.944847824e-02
5.008602470e-01 2.766035284e+21 4.316479203e+07 9.467410210e-01 5.325897896e-02
5.058984524e-01 2.857147879e+21 4.414259584e+07 9.485260374e-01 5.147396261e-02
5.109873376e-01 2.756770091e+21 4.216760261e+07 9.474248266e-01 5.257517341e-02
5.161274124e-01 2.936916861e+21 4.447574456e+07 9.518025935e-01 4.819740653e-02
5.213191918e-01 2.900212527e+21 4.348251057e+07 9.515723214e-01 4.842767857e-02
5.265631958e-01 2.709654289e+21 4.022090929e+07 9.485867036e-01 5.141329643e-02
5.318599498e-01 2.963320678e+21 4.354816539e+07 9.530840476e-01 4.691595237e-02
5.372099844e-01 3.004305100e+21 4.371077027e+07 9.538351309e-01 4.616486911e-02
5.426138356e-01 2.863045818e+21 4.124069118e+07 9.520254377e-01 4.797456229e-02
5.480720446e-01 3.328546348e+21 4.746849454e+07 9.594964155e-01 4.050358451e-02
5.535851584e-01 3.288311798e+21 4.642768752e+07 9.591219884e-01 4.087801155e-02
5.591537292e-01 3.098440704e+21 4.331122466e+07 9.573062682e-01 4.269373185e-02
5.647783147e-01 3.339442437e+21 4.621515873e+07 9.607624184e-01 3.923758158e-02
5.704594786e-01 3.294507870e+21 4.513924067e+07 9.604905784e-01 3.950942163e-02
5.761977899e-01 3.300699483e+21 4.477369097e+07 9.606036462e-01 3.939635378e-02
5.819938235e-01 3.732747649e+21 5.013012129e+07 9.638774708e-01 3.612252919e-02
5.878481599e-01 3.620204758e+21 4.813450080e+07 9.651864387e-01 3.481356130e-02
5.937613858e-01 3.626859833e+21 4.774273798e+07 9.654508687e-01 3.454913130e-02
5.997340934e-01 3.694849865e+21 4.815335580e+07 9.663627003e-01 3.363729971e-02
6.057668810e-01 3.756238118e+21 4.846587863e+07 9.667814839e-01 3.321851609e-02
6.118603532e-01 3.800745243e+21 4.855175667e+07 9.676188608e-01 3.238113924e-02
6.180151202e-01 3.730006736e+21 4.717359954e+07 9.678848598e-01 3.211514023e-02
6.242317986e-01 3.608357703e+21 4.518062098e+07 9.675389602e-01 3.246103983e-02
6.305110113e-01 3.746518714e+21 4.644337063e+07 9.684689105e-01 3.153108953e-02
6.368533872e-01 3.773121741e+21 4.630734221e+07 9.687784359e-01 3.122156414e-02
6.432595617e-01 3.918097842e+21 4.760773577e+07 9.699828906e-01 3.001710943e-02
6.497301766e-01 3.829659668e+21 4.606972751e+07 9.697643976e-01 3.023560242e-02
6.562658801e-01 3.533109432e+21 4.207903428e+07 9.676525777e-01 3.234742227e-02
6.628673269e-01 4.064236466e+21 4.792265333e+07 9.716381376e-01 2.836186236e-02
6.695351784e-01 4.051970630e+21 4.730220531e+07 9.720972595e-01 2.790274045e-02
6.762701024e-01 4.083549184e+21 4.719609898e+07 9.726574312e-01 2.734256876e-02
6.830727738e-01 4.149894698e+21 4.748523611e+07 9.731779690e-01 2.682203103e-02
6.899438740e-01 4.278198135e+21 4.846582743e+07 9.736510696e-01 2.634893035e-02
6.968840912e-01 4.312795614e+21 4.837119616e+07 9.741711824e-01 2.582881763e-02
7.038941209e-01 4.388277662e+21 4.872762696e+07 9.744124126e-01 2.558758737e-02
7.109746651e-01 4.115390118e+21 4.524237399e+07 9.741709847e-01 2.582901525e-02
7.181264333e-01 4.149112019e+21 4.515883690e+07 9.746314645e-01 2.536853552e-02
7.253501419e-01 4.364790355e+21 4.703316331e+07 9.754941233e-01 2.450587669e-02
7.326465144e-01 4.448647460e+21 4.745937377e+07 9.756740983e-01 2.432590168e-02
7.400162820e-01 4.682992673e+21 4.946188956e+07 9.764508268e-01 2.354917325e-02
7.474601828e-01 4.844491623e+21 5.065807083e+07 9.771091856e-01 2.289081437e-02
7.549789627e-01 4.995696470e+21 5.171894933e+07 9.775463040e-01 2.245369600e-02
7.625733746e-01 4.747330721e+21 4.865823487e+07 9.771612009e-01 2.283879911e-02
7.702441796e-01 4.683072353e+21 4.752158778e+07 9.773477970e-01 2.265220297e-02
7.779921460e-01 4.778475052e+21 4.800678370e+07 9.777654647e-01 2.223453527e-02
7.858180500e-01 4.873644873e+21 4.847528606e+07 9.782111818e-01 2.178881816e-02
7.937226756e-01 4.750922912e+21 4.678403721e+07 9.782614725e-01 2.173852752e-02
8.017068146e-01 5.071294590e+21 4.944151437e+07 9.791403247e-01 2.085967525e-02
8.097712669e-01 4.927572859e+21 4.756189965e+07 9.788199511e-01 2.118004891e-02
8.179168404e-01 5.196943416e+21 4.966235825e+07 9.796336367e-01 2.036636331e-02
8.261443511e-01 5.143497919e+21 4.866213186e+07 9.793134814e-01 2.068651862e-02
8.344546231e-01 5.030798894e+21 4.712189335e+07 9.793936877e-01 2.060631231e-02
8.428484891e-01 5.031926311e+21 4.666306488e+07 9.795347518e-01 2.046524821e-02
8.513267898e-01 4.914599311e+21 4.512116618e+07 9.792289511e-01 2.077104887e-02
8.598903746e-01 5.210588706e+21 4.736223700e+07 9.799241454e-01 2.007585464e-02
8.685401014e-01 5.158149335e+21 4.641865332e+07 9.798696456e-01 2.013035441e-02
8.772768367e-01 5.502872544e+21 4.902767424e+07 9.803044292e-01 1.969557084e-02
8.861014557e-01 5.320632844e+21 4.693192212e+07 9.802740113e-01 1.972598874e-02
8.950148425e-01 5.410395209e+21 4.724841593e+07 9.803461344e-01 1.965386560e-02
9.040178900e-01 5.611139480e+21 4.851349239e+07 9.808969404e-01 1.910305964e-02
9.131115001e-01 5.731935152e+21 4.906433944e+07 9.813027601e-01 1.869723989e-02
9.222965838e-01 5.343310661e+21 4.528228412e+07 9.810579134e-01 1.894208657e-02
9.315740611e-01 5.685424957e+21 4.770172062e+07 9.813811549e-01 1.861884514e-02
9.409448616e-01 5.541166620e+21 4.602836356e+07 9.813401283e-01 1.865987169e-02
9.504099239e-01 5.811002595e+21 4.778907312e+07 9.818662590e-01 1.813374102e-02
9.599701963e-01 5.920002733e+21 4.820062368e+07 9.819937850e-01 1.800621498e-02
9.696266365e-01 5.918648637e+21 4.770968198e+07 9.821322127e-01 1.786778735e-02
9.793802117e-01 5.836095157e+21 4.657571600e+07 9.820174567e-01 1.798254327e-02
9.892318993e-01 6.016772297e+21 4.753942933e+07 9.822537197e-01 1.774628032e-02
9.991826859e-01 6.080978082e+21 4.756823513e+07 9.824610235e-01 1.753897648e-02
1.009233569e+00 6.150166670e+21 4.763034183e+07 9.825613289e-01 1.743867111e-02
1.019385554e+00 6.259584813e+21 4.799495112e+07 9.826598157e-01 1.734018434e-02
1.029639660e+00 6.367119676e+21 4.833327807e+07 9.827919171e-01 1.720808290e-02
1.039996912e+00 6.301123706e+21 4.735593944e+07 9.826729725e-01 1.732702748e-02
1.050458349e+00 6.445946469e+21 4.796189761e+07 9.829241577e-01 1.707584229e-02
1.061025019e+00 6.402743587e+21 4.716599335e+07 9.828592232e-01 1.714077678e-02
1.071697980e+00 6.520266345e+21 4.755338366e+07 9.832781352e-01 1.672186475e-02
1.082478302e+00 6.445224687e+21 4.653796220e+07 9.831692839e-01 1.683071610e-02
1.093367064e+00 6.298739306e+21 4.502732502e+07 9.834034138e-01 1.659658624e-02
1.104365357e+00 6.313405011e+21 4.468269674e+07 9.836813139e-01 1.631868608e-02
1.115474283e+00 6.462660185e+21 4.528352841e+07 9.836720090e-01 1.632799103e-02
1.126694955e+00 6.550463498e+21 4.544165933e+07 9.838947570e-01 1.610524304e-02
1.138028497e+00 6.506879100e+21 4.468976806e+07 9.838139370e-01 1.618606304e-02
1.149476044e+00 6.676548779e+21 4.539840575e+07 9.839002458e-01 1.609975423e-02
1.161038743e+00 6.562149259e+21 4.417615292e+07 9.837335611e-01 1.626643892e-02
1.172717753e+00 6.919948321e+21 4.612090832e+07 9.841015184e-01 1.589848155e-02
1.184514243e+00 6.846246630e+21 4.517526964e+07 9.841454437e-01 1.585455634e-02
1.196429395e+00 6.833086658e+21 4.463940058e+07 9.842154959e-01 1.578450412e-02
1.208464403e+00 6.973835641e+21 4.510517229e+07 9.842705306e-01 1.572946942e-02
1.220620472e+00 7.076411846e+21 4.531280547e+07 9.843148639e-01 1.568513614e-02
1.232898820e+00 7.124415949e+21 4.516586483e+07 9.844339486e-01 1.556605138e-02
1.245300678e+00 7.179490411e+21 4.506173359e+07 9.844647301e-01 1.553526987e-02
1.257827287e+00 7.190880878e+21 4.468374685e+07 9.844459103e-01 1.555408967e-02
1.270479903e+00 7.304715515e+21 4.493906245e+07 9.845115784e-01 1.548842156e-02
1.283259793e+00 6.965494020e+21 4.242538939e+07 9.842683108e-01 1.573168916e-02
1.296168236e+00 7.422274774e+21 4.475732826e+07 9.846710132e-01 1.532898681e-02
1.309206528e+00 7.443150627e+21 4.443622389e+07 9.846368681e-01 1.536313192e-02
1.322375972e+00 7.550585461e+21 4.462869404e+07 9.846980482e-01 1.530195179e-02
1.335677890e+00 7.629256393e+21 4.464460386e+07 9.847054170e-01 1.529458297e-02
1.349113613e+00 7.633339898e+21 4.422364927e+07 9.846629717e-01 1.533702829e-02
1.362684487e+00 7.640492218e+21 4.382425341e+07 9.846725713e-01 1.532742871e-02
1.376391872e+00 7.842641575e+21 4.453574978e+07 9.848178682e-01 1.518213184e-02
1.390237142e+00 7.718808376e+21 4.339601723e+07 9.849729938e-01 1.502700621e-02
1.404221682e+00 7.819678148e+21 4.352529308e+07 9.848415168e-01 1.515848319e-02
1.418346894e+00 7.695403329e+21 4.240698781e+07 9.852932443e-01 1.470675567e-02
1.432614193e+00 7.834646805e+21 4.274434571e+07 9.851224321e-01 1.487756792e-02
1.447025008e+00 7.965626669e+21 4.302614254e+07 9.851221456e-01 1.487785442e-02
1.461580783e+00 7.531461257e+21 4.027586926e+07 9.852987339e-01 1.470126613e-02
1.476282977e+00 7.886641644e+21 4.175524115e+07 9.853481817e-01 1.465181834e-02
1.491133061e+00 8.153829727e+21 4.273992336e+07 9.851471596e-01 1.485284042e-02
1.506132524e+00 8.093250301e+21 4.199990283e+07 9.852221838e-01 1.477781621e-02
1.521282867e+00 8.474551090e+21 4.354068210e+07 9.854974239e-01 1.450257610e-02
1.536585610e+00 8.626907611e+21 4.388204775e+07 9.854861465e-01 1.451385349e-02
1.552042285e+00 8.684402011e+21 4.373457095e+07 9.852923014e-01 1.470769857e-02
1.567654440e+00 8.656274744e+21 4.315878359e+07 9.854780613e-01 1.452193874e-02
1.583423639e+00 8.563239155e+21 4.226972762e+07 9.855693078e-01 1.443069224e-02
1.599351462e+00 8.545960766e+21 4.176432660e+07 9.858394782e-01 1.416052182e-02
1.615439505e+00 9.043949234e+21 4.375784414e+07 9.853778751e-01 1.462212492e-02
1.631689379e+00 9.139030143e+21 4.377751681e+07 9.854072884e-01 1.459271163e-02
1.648102713e+00 8.966200568e+21 4.252190136e+07 9.855642594e-01 1.443574062e-02
1.664681149e+00 8.761244899e+21 4.113611362e+07 9.860785609e-01 1.392143915e-02
1.681426350e+00 8.939592186e+21 4.155548529e+07 9.852280947e-01 1.477190526e-02
1.698339993e+00 9.074748688e+21 4.176365221e+07 9.854893093e-01 1.451069067e-02
1.715423772e+00 9.058874995e+21 4.127540497e+07 9.854731321e-01 1.452686790e-02
1.732679398e+00 8.420258291e+21 3.798356315e+07 9.854543514e-01 1.454564862e-02
1.750108601e+00 8.808534539e+21 3.933934846e+07 9.853013932e-01 1.469860680e-02
1.767713125e+00 8.776869592e+21 3.880756195e+07 9.852311274e-01 1.476887257e-02
1.785494736e+00 8.341320261e+21 3.651444655e+07 9.850803890e-01 1.491961098e-02
1.803455213e+00 8.010748087e+21 3.471812109e+07 9.850064755e-01 1.499352447e-02
1.821596357e+00 8.437060288e+21 3.620157819e+07 9.851251143e-01 1.487488570e-02
1.839919984e+00 8.091702105e+21 3.437395070e+07 9.850812379e-01 1.491876215e-02
1.858427931e+00 8.142033952e+21 3.424330589e+07 9.850871109e-01 1.491288911e-02
1.877122051e+00 7.879751753e+21 3.281017331e+07 9.847259561e-01 1.527404386e-02
1.896004217e+00 8.016586609e+21 3.304750602e+07 9.850320331e-01 1.496796692e-02
1.915076321e+00 7.935129757e+21 3.238593551e+07 9.849829775e-01 1.501702246e-02
1.934340273e+00 7.715329785e+21 3.117526263e+07 9.848883835e-01 1.511161654e-02
1.953798003e+00 7.682609010e+21 3.073389267e+07 9.850782968e-01 1.492170323e-02
1.973451461e+00 7.317602106e+21 2.898216620e+07 9.849043965e-01 1.509560351e-02
1.993302615e+00 7.191347331e+21 2.819846897e+07 9.848577228e-01 1.514227724e-02
2.013353453e+00 7.425870697e+21 2.882808934e+07 9.851013833e-01 1.489861670e-02
2.033605985e+00 7.330656905e+21 2.817504269e+07 9.851525115e-01 1.484748847e-02
2.054062240e+00 7.116401772e+21 2.707917074e+07 9.851343679e-01 1.486563205e-02
2.074724265e+00 7.016497263e+21 2.643312284e+07 9.851648589e-01 1.483514108e-02
2.095594133e+00 6.942397192e+21 2.589350155e+07 9.850592398e-01 1.494076017e-02
2.116673932e+00 6.792426344e+21 2.508184483e+07 9.850840226e-01 1.491597735e-02
2.137965776e+00 6.754264606e+21 2.469254320e+07 9.852483873e-01 1.475161269e-02
2.159471796e+00 6.672020098e+21 2.414895320e+07 9.852401395e-01 1.475986052e-02
2.181194148e+00 6.522869597e+21 2.337399102e+07 9.852488763e-01 1.475112373e-02
2.203135007e+00 6.473110643e+21 2.296468113e+07 9.851500848e-01 1.484991524e-02
2.225296571e+00 6.365323876e+21 2.235739025e+07 9.851836274e-01 1.481637264e-02
2.247681061e+00 6.336445777e+21 2.203431415e+07 9.851919297e-01 1.480807028e-02
2.270290719e+00 6.252043984e+21 2.152430073e+07 9.852497124e-01 1.475028757e-02
2.293127810e+00 5.271100240e+21 1.796641861e+07 9.845354581e-01 1.546454186e-02
2.316194621e+00 5.701761959e+21 1.924077379e+07 9.856234082e-01 1.437659179e-02
2.339493464e+00 5.384741090e+21 1.799001355e+07 9.854914765e-01 1.450852347e-02
2.363026672e+00 5.011769875e+21 1.657719316e+07 9.859406858e-01 1.405931423e-02
2.386796604e+00 4.490836312e+21 1.470619482e+07 9.863408743e-01 1.365912566e-02
2.410805639e+00 4.745969155e+21 1.538690289e+07 9.860705253e-01 1.392947470e-02
2.435056184e+00 4.716664874e+21 1.513960465e+07 9.858578141e-01 1.414218587e-02
2.459550668e+00 4.623845219e+21 1.469386396e+07 9.858590146e-01 1.414098540e-02
2.484291544e+00 4.278264395e+21 1.346026343e+07 9.861005978e-01 1.389940222e-02
2.509281291e+00 4.497832779e+21 1.401013941e+07 9.858018545e-01 1.419814554e-02
2.534522413e+00 4.436051031e+21 1.368008821e+07 9.858616030e-01 1.413839704e-02
2.560017438e+00 4.363895489e+21 1.332354883e+07 9.857367102e-01 1.426328984e-02
2.585768920e+00 4.322992403e+21 1.306722176e+07 9.858383308e-01 1.416166919e-02
2.611779439e+00 4.487218836e+21 1.342855406e+07 9.857948066e-01 1.420519339e-02
2.638051600e+00 4.387386755e+21 1.299903563e+07 9.856247266e-01 1.437527338e-02
2.664588036e+00 4.223313153e+21 1.238829994e+07 9.856732296e-01 1.432677044e-02
2.691391404e+00 4.266897358e+21 1.239149869e+07 9.853641628e-01 1.463583725e-02
2.718464391e+00 4.264247654e+21 1.226047429e+07 9.852988151e-01 1.470118493e-02
2.745809707e+00 4.254746207e+21 1.211132684e+07 9.854228164e-01 1.457718362e-02
2.773430093e+00 4.152046231e+21 1.170128231e+07 9.854380713e-01 1.456192871e-02
2.801328315e+00 3.975760288e+21 1.109288935e+07 9.850159503e-01 1.498404969e-02
2.829507168e+00 4.074374005e+21 1.125482105e+07 9.851922016e-01 1.480779838e-02
2.857969475e+00 4.045013888e+21 1.106244009e+07 9.852776666e-01 1.472233338e-02
2.886718088e+00 3.944221331e+21 1.067936437e+07 9.848830679e-01 1.511693214e-02
2.915755885e+00 3.999219627e+21 1.072043961e+07 9.851094084e-01 1.489059165e-02
2.945085777e+00 3.782338623e+21 1.003808710e+07 9.848992309e-01 1.510076912e-02
2.974710702e+00 3.857358062e+21 1.013523258e+07 9.850014242e-01 1.499857578e-02
3.004633626e+00 3.121376641e+21 8.119759256e+06 9.843591645e-01 1.564083551e-02
3.034857549e+00 3.709014422e+21 9.552316675e+06 9.843847456e-01 1.561525435e-02
3.065385497e+00 3.710424761e+21 9.460781918e+06 9.848091977e-01 1.519080233e-02
3.096220529e+00 3.653733361e+21 9.223451431e+06 9.848045156e-01 1.519548441e-02
3.127365734e+00 3.596604817e+21 8.988817204e+06 9.848013065e-01 1.519869347e-02
3.158824231e+00 3.551505112e+21 8.787705289e+06 9.848064653e-01 1.519353470e-02
3.190599173e+00 3.510587604e+21 8.599952788e+06 9.848173126e-01 1.518268737e-02
3.222693742e+00 3.463831271e+21 8.400907315e+06 9.848332359e-01 1.516676411e-02
3.255111154e+00 3.410947641e+21 8.190260781e+06 9.848573386e-01 1.514266145e-02
3.287854656e+00 3.352678849e+21 7.970174762e+06 9.848923463e-01 1.510765369e-02
3.320927528e+00 3.296530816e+21 7.758651451e+06 9.849071643e-01 1.509283567e-02
3.354333084e+00 3.248731373e+21 7.570004142e+06 9.849228097e-01 1.507719029e-02
3.388074670e+00 3.198966310e+21 7.379810218e+06 9.849389517e-01 1.506104832e-02
3.422155666e+00 3.150016208e+21 7.194515095e+06 9.849534745e-01 1.504652554e-02
3.456579486e+00 3.102653323e+21 7.015767761e+06 9.849695524e-01 1.503044763e-02
3.491349579e+00 3.050054430e+21 6.828145303e+06 9.849833558e-01 1.501664419e-02
3.526469428e+00 2.994941613e+21 6.637992195e+06 9.849916911e-01 1.500830888e-02
3.561942551e+00 2.948108839e+21 6.469118441e+06 9.849924151e-01 1.500758485e-02
3.597772502e+00 2.903962396e+21 6.308785921e+06 9.849952152e-01 1.500478483e-02
3.633962870e+00 2.853459580e+21 6.137333734e+06 9.850060012e-01 1.499399883e-02
3.670517281e+00 2.797927906e+21 5.957962249e+06 9.850174731e-01 1.498252687e-02
3.707439396e+00 2.749141221e+21 5.795774631e+06 9.850201238e-01 1.497987618e-02
3.744732915e+00 2.709956146e+21 5.656267175e+06 9.850206106e-01 1.497938937e-02
3.782401574e+00 2.670149066e+21 5.517678252e+06 9.850232503e-01 1.497674974e-02
3.820449145e+00 2.620025847e+21 5.360183445e+06 9.850294897e-01 1.497051035e-02
3.858879441e+00 2.558576471e+21 5.182337483e+06 9.850344898e-01 1.496551019e-02
3.897696311e+00 2.504028299e+21 5.021341228e+06 9.850454691e-01 1.495453095e-02
3.936903644e+00 2.470193873e+21 4.904161403e+06 9.850464705e-01 1.495352948e-02
3.976505367e+00 2.415477525e+21 4.747772803e+06 9.850714796e-01 1.492852042e-02
4.016505449e+00 2.328332003e+21 4.530905952e+06 9.851445716e-01 1.485542836e-02
4.056907895e+00 2.240759487e+21 4.317065086e+06 9.852221488e-01 1.477785121e-02
4.097716754e+00 2.171544636e+21 4.142049892e+06 9.852792443e-01 1.472075567e-02
4.138936114e+00 2.117118482e+21 3.998019802e+06 9.853105845e-01 1.468941545e-02
4.180570103e+00 2.071019618e+21 3.872016531e+06 9.853228998e-01 1.467710020e-02
4.222622893e+00 2.028964401e+21 3.755611236e+06 9.853318667e-01 1.466813326e-02
4.265098696e+00 1.967888362e+21 3.606283563e+06 9.853565560e-01 1.464344399e-02
4.308001768e+00 1.875777926e+21 3.403251530e+06 9.854048806e-01 1.459511939e-02
4.351336406e+00 1.781152605e+21 3.199388434e+06 9.854764028e-01 1.452359721e-02
4.395106952e+00 1.692440911e+21 3.009764861e+06 9.855812898e-01 1.441871024e-02
4.439317791e+00 1.619338040e+21 2.851082492e+06 9.856804535e-01 1.431954646e-02
4.483973351e+00 1.566344438e+21 2.730314949e+06 9.857253743e-01 1.427462573e-02
4.529078105e+00 1.525422359e+21 2.632502534e+06 9.857479418e-01 1.425205818e-02
4.574636574e+00 1.492935368e+21 2.550779449e+06 9.857655064e-01 1.423449358e-02
4.620653319e+00 1.471686037e+21 2.489432095e+06 9.857758502e-01 1.422414981e-02
4.667132952e+00 1.460303931e+21 2.445578355e+06 9.857810002e-01 1.421899984e-02
4.714080128e+00 1.449895888e+21 2.403966206e+06 9.857749138e-01 1.422508624e-02
4.761499551e+00 1.436294470e+21 2.357698358e+06 9.857638641e-01 1.423613586e-02
4.809395971e+00 1.423256047e+21 2.313028600e+06 9.857425080e-01 1.425749204e-02
4.857774186e+00 1.409658233e+21 2.268114682e+06 9.857123663e-01 1.428763370e-02
4.906639042e+00 1.390311405e+21 2.214708007e+06 9.856888377e-01 1.431116226e-02
4.955995435e+00 1.372157936e+21 2.164022164e+06 9.856641417e-01 1.433585834e-02
5.005848309e+00 1.356641949e+21 2.118244353e+06 9.856297654e-01 1.437023457e-02
5.056202658e+00 1.340902144e+21 2.072817721e+06 9.856006702e-01 1.439932980e-02
5.107063527e+00 1.322917797e+21 2.024650659e+06 9.855835643e-01 1.441643565e-02
5.158436011e+00 1.308651608e+21 1.982871159e+06 9.855772527e-01 1.442274735e-02
5.210325256e+00 1.297359986e+21 1.946185194e+06 9.855367289e-01 1.446327112e-02
5.262736460e+00 1.284629788e+21 1.907896741e+06 9.855012613e-01 1.449873865e-02
5.315674874e+00 1.268301117e+21 1.864886759e+06 9.854843382e-01 1.451566176e-02
5.369145801e+00 1.253252277e+21 1.824407316e+06 9.854675661e-01 1.453243386e-02
5.423154598e+00 1.239791427e+21 1.786837854e+06 9.854390846e-01 1.456091539e-02
5.477706675e+00 1.225676568e+21 1.748902551e+06 9.854107124e-01 1.458928763e-02
5.532807496e+00 1.213547091e+21 1.714350325e+06 9.853778816e-01 1.462211845e-02
5.588462583e+00 1.203453773e+21 1.683160636e+06 9.853427249e-01 1.465727508e-02
5.644677510e+00 1.190494643e+21 1.648453917e+06 9.853157551e-01 1.468424486e-02
5.701457909e+00 1.176423303e+21 1.612746829e+06 9.852939763e-01 1.470602375e-02
5.758809468e+00 1.163848092e+21 1.579618057e+06 9.852664770e-01 1.473352297e-02
5.816737932e+00 1.149764307e+21 1.544962084e+06 9.852422005e-01 1.475779954e-02
5.875249104e+00 1.133678057e+21 1.508175759e+06 9.852353032e-01 1.476469681e-02
5.934348846e+00 1.119397792e+21 1.474347555e+06 9.852233261e-01 1.477667391e-02
5.994043079e+00 1.106011252e+21 1.442208948e+06 9.852087802e-01 1.479121976e-02
6.054337783e+00 1.090559376e+21 1.407897925e+06 9.851963329e-01 1.480366709e-02
6.115238997e+00 1.076099337e+21 1.375394962e+06 9.851804999e-01 1.481950013e-02
6.176752823e+00 1.062515750e+21 1.344508816e+06 9.851612508e-01 1.483874923e-02
6.238885422e+00 1.046489384e+21 1.311041133e+06 9.851457967e-01 1.485420328e-02
6.301643020e+00 1.030735422e+21 1.278444574e+06 9.851263790e-01 1.487362100e-02
6.365031904e+00 1.015312842e+21 1.246774166e+06 9.850944528e-01 1.490554717e-02
6.429058422e+00 9.972101975e+20 1.212349504e+06 9.850475142e-01 1.495248576e-02
6.493728990e+00 9.772078512e+20 1.176200306e+06 9.849914279e-01 1.500857214e-02
6.559050086e+00 9.582406591e+20 1.141884420e+06 9.849387435e-01 1.506125654e-02
6.625028254e+00 9.405105696e+20 1.109594885e+06 9.848725650e-01 1.512743495e-02
6.691670103e+00 9.243215048e+20 1.079635199e+06 9.848525189e-01 1.514748108e-02
6.758982309e+00 9.083643370e+20 1.050430361e+06 9.848389253e-01 1.516107472e-02
6.826971616e+00 8.926952021e+20 1.022029905e+06 9.848218899e-01 1.517811014e-02
6.895644834e+00 8.778072232e+20 9.949763682e+05 9.848146119e-01 1.518538812e-02
6.965008844e+00 8.627282637e+20 9.681459974e+05 9.848101620e-01 1.518983800e-02
7.035070593e+00 8.476515045e+20 9.417537927e+05 9.848039492e-01 1.519605083e-02
7.105837100e+00 8.323621736e+20 9.155574246e+05 9.847983124e-01 1.520168760e-02
7.177315456e+00 8.172691315e+20 8.900031865e+05 9.847964056e-01 1.520359436e-02
7.249512819e+00 8.025872586e+20 8.653104312e+05 9.847907251e-01 1.520927488e-02
7.322436423e+00 7.875040263e+20 8.405928152e+05 9.847864945e-01 1.521350546e-02
7.396093574e+00 7.717127706e+20 8.155334719e+05 9.847711833e-01 1.522881674e-02
7.470491649e+00 7.548323119e+20 7.897502979e+05 9.848005010e-01 1.519949899e-02
7.545638102e+00 7.313753619e+20 7.575875942e+05 9.848959412e-01 1.510405879e-02
7.621540462e+00 7.007380014e+20 7.186234931e+05 9.850431031e-01 1.495689693e-02
7.698206331e+00 6.717726279e+20 6.820579218e+05 9.851988723e-01 1.480112766e-02
7.775643390e+00 6.472552951e+20 6.506205521e+05 9.853268597e-01 1.467314034e-02
7.853859396e+00 6.271250810e+20 6.241077111e+05 9.854196457e-01 1.458035426e-02
7.932862186e+00 6.108563176e+20 6.018630209e+05 9.854817439e-01 1.451825614e-02
8.012659672e+00 5.972374470e+20 5.825843765e+05 9.855185659e-01 1.448143413e-02
8.093259850e+00 5.861777325e+20 5.661015350e+05 9.855321197e-01 1.446788032e-02
8.174670794e+00 5.767640521e+20 5.514630428e+05 9.855266947e-01 1.447330527e-02
8.256900658e+00 5.678679884e+20 5.375499532e+05 9.854801890e-01 1.451981095e-02
8.339957682e+00 5.589315096e+20 5.238214121e+05 9.854541082e-01 1.454589180e-02
8.423850184e+00 5.502451242e+20 5.105450488e+05 9.854317888e-01 1.456821121e-02
8.508586570e+00 5.417937073e+20 4.976970139e+05 9.854122400e-01 1.458776000e-02
8.594175328e+00 5.331881477e+20 4.849140614e+05 9.853964399e-01 1.460356015e-02
8.680625033e+00 5.247280837e+20 4.724673610e+05 9.853784770e-01 1.462152299e-02
8.767944344e+00 5.162497946e+20 4.602042317e+05 9.853584609e-01 1.464153913e-02
8.856142009e+00 5.080492054e+20 4.483835850e+05 9.853416589e-01 1.465834114e-02
8.945226863e+00 5.007539349e+20 4.375437772e+05 9.853197869e-01 1.468021310e-02
9.035207832e+00 4.935111639e+20 4.269208201e+05 9.852983772e-01 1.470162284e-02
9.126093928e+00 4.856642474e+20 4.159486314e+05 9.852596990e-01 1.474030105e-02
9.217894257e+00 4.775363645e+20 4.049144051e+05 9.852403251e-01 1.475967487e-02
9.310618015e+00 4.696356486e+20 3.942494050e+05 9.852103110e-01 1.478968896e-02
9.404274491e+00 4.621410954e+20 3.840942388e+05 9.851829508e-01 1.481704915e-02
9.498873067e+00 4.554441248e+20 3.747585243e+05 9.851516851e-01 1.484831488e-02
9.594423221e+00 4.488688623e+20 3.656698119e+05 9.851149260e-01 1.488507397e-02
9.690934523e+00 4.419461526e+20 3.564447304e+05 9.850787410e-01 1.492125898e-02
9.788416642e+00 4.350125475e+20 3.473584255e+05 9.850459592e-01 1.495404083e-02
9.886879344e+00 4.282963630e+20 3.385896298e+05 9.850118458e-01 1.498815418e-02
9.986332493e+00 4.218549807e+20 3.301761200e+05 9.849773170e-01 1.502268299e-02
1.008678605e+01 4.152469766e+20 3.217674956e+05 9.850255220e-01 1.497447802e-02
1.018825008e+01 4.086967358e+20 3.135379199e+05 9.850870256e-01 1.491297437e-02
1.029073475e+01 4.022503675e+20 3.055192405e+05 9.851485881e-01 1.485141188e-02
1.039425032e+01 3.959065690e+20 2.977063077e+05 9.852093301e-01 1.479066990e-02
1.049880717e+01 3.896632978e+20 2.900935302e+05 9.852702533e-01 1.472974672e-02
1.060441576e+01 3.835191165e+20 2.826758912e+05 9.853309384e-01 1.466906162e-02
1.071108669e+01 3.774724617e+20 2.754483909e+05 9.853913341e-01 1.460866592e-02
1.081883062e+01 3.715217426e+20 2.684061199e+05 9.854515263e-01 1.454847372e-02
1.092765837e+01 3.656654693e+20 2.615443497e+05 9.855114023e-01 1.448859769e-02
1.103758082e+01 3.599020296e+20 2.548583691e+05 9.855712443e-01 1.442875572e-02
1.114860899e+01 3.542300828e+20 2.483437628e+05 9.856306645e-01 1.436933546e-02
1.126075401e+01 3.486481007e+20 2.419960808e+05 9.856898477e-01 1.431015229e-02
1.137402711e+01 3.431545936e+20 2.358109991e+05 9.857489477e-01 1.425105234e-02
1.148843963e+01 3.377481931e+20 2.297843719e+05 9.858078409e-01 1.419215912e-02
1.160400304e+01 3.324275345e+20 2.239121474e+05 9.858664527e-01 1.413354726e-02
1.172072892e+01 3.271912033e+20 2.181903293e+05 9.859249205e-01 1.407507954e-02
1.183862895e+01 3.220379159e+20 2.126150969e+05 9.859830573e-01 1.401694269e-02
1.195771495e+01 3.169662648e+20 2.071826320e+05 9.860411163e-01 1.395888375e-02
1.207799885e+01 3.119750932e+20 2.018893638e+05 9.860986426e-01 1.390135736e-02
1.219949270e+01 3.070629238e+20 1.967315936e+05 9.861562479e-01 1.384375210e-02
1.232220867e+01 3.022286073e+20 1.917059143e+05 9.862135805e-01 1.378641949e-02
1.244615905e+01 2.974708763e+20 1.868089188e+05 9.862707246e-01 1.372927542e-02
1.257135626e+01 2.927885118e+20 1.820373056e+05 9.863276736e-01 1.367232641e-02
1.269781284e+01 2.881803684e+20 1.773878914e+05 9.863842359e-01 1.361576411e-02
1.282554146e+01 2.836452071e+20 1.728575053e+05 9.864406001e-01 1.355939992e-02
1.295455492e+01 2.791818146e+20 1.684430629e+05 9.864969432e-01 1.350305680e-02
1.308486613e+01 2.747891168e+20 1.641416311e+05 9.865530213e-01 1.344697870e-02
1.321648816e+01 2.704660067e+20 1.599503217e+05 9.866087608e-01 1.339123920e-02
1.334943419e+01 2.662113093e+20 1.558662702e+05 9.866644024e-01 1.333559756e-02
1.348371754e+01 2.620239481e+20 1.518867328e+05 9.867198997e-01 1.328010027e-02
1.361935166e+01 2.579029072e+20 1.480090614e+05 9.867750369e-01 1.322496308e-02
1.375635014e+01 2.538470964e+20 1.442306229e+05 9.868299407e-01 1.317005925e-02
1.389472669e+01 2.498554488e+20 1.405488565e+05 9.868847204e-01 1.311527963e-02
1.403449520e+01 2.459269513e+20 1.369612876e+05 9.869393435e-01 1.306065648e-02
1.417566965e+01 2.420606483e+20 1.334655279e+05 9.869936080e-01 1.300639203e-02
1.431826418e+01 2.382554978e+20 1.300591945e+05 9.870477230e-01 1.295227699e-02
1.446229309e+01 2.345104987e+20 1.267399793e+05 9.871018061e-01 1.289819390e-02
1.460777080e+01 2.308247579e+20 1.235056833e+05 9.871555877e-01 1.284441232e-02
1.475471189e+01 2.271973039e+20 1.203541140e+05 9.872091870e-01 1.279081299e-02
1.490313108e+01 2.236272237e+20 1.172831580e+05 9.872625399e-01 1.273746005e-02
1.505304322e+01 2.201136221e+20 1.142907578e+05 9.873155654e-01 1.268443461e-02
1.520446335e+01 2.166555465e+20 1.113748715e+05 9.873685055e-01 1.263149454e-02
1.535740663e+01 2.132521204e+20 1.085335416e+05 9.874213308e-01 1.257866920e-02
1.551188838e+01 2.099025072e+20 1.057648738e+05 9.874738908e-01 1.252610925e-02
1.566792408e+01 2.066058388e+20 1.030669994e+05 9.875262403e-01 1.247375965e-02
1.582552936e+01 2.033612563e+20 1.004380958e+05 9.875784613e-01 1.242153866e-02
1.598472001e+01 2.001679803e+20 9.787641957e+04 9.876303144e-01 1.236968560e-02
1.614551197e+01 1.970251201e+20 9.538021133e+04 9.876821689e-01 1.231783109e-02
1.630792136e+01 1.939319606e+20 9.294783534e+04 9.877335912e-01 1.226640876e-02
1.647196444e+01 1.908876217e+20 9.057761300e+04 9.877850386e-01 1.221496145e-02
1.663765764e+01 1.878913936e+20 8.826798338e+04 9.878361701e-01 1.216382993e-02
1.680501757e+01 1.849425074e+20 8.601739197e+04 9.878870043e-01 1.211299572e-02
1.697406100e+01 1.820401446e+20 8.382429583e+04 9.879378957e-01 1.206210429e-02
1.714480484e+01 1.791836354e+20 8.168725418e+04 9.879884703e-01 1.201152971e-02
1.731726622e+01 1.763722345e+20 7.960482356e+04 9.880388166e-01 1.196118343e-02
1.749146240e+01 1.736052286e+20 7.757560666e+04 9.880889144e-01 1.191108557e-02
1.766741085e+01 1.708818733e+20 7.559822322e+04 9.881389887e-01 1.186101126e-02
1.784512917e+01 1.682015229e+20 7.367136692e+04 9.881887649e-01 1.181123510e-02
1.802463518e+01 1.655634572e+20 7.179372769e+04 9.882384602e-01 1.176153983e-02
1.820594686e+01 1.629670451e+20 6.996406275e+04 9.882878333e-01 1.171216667e-02
1.838908238e+01 1.604116005e+20 6.818113303e+04 9.883370326e-01 1.166296736e-02
1.857406007e+01 1.578964572e+20 6.644373543e+04 9.883861563e-01 1.161384367e-02
1.876089848e+01 1.554210180e+20 6.475072215e+04 9.884349371e-01 1.156506287e-02
1.894961631e+01 1.529846029e+20 6.310093626e+04 9.884836916e-01 1.151630842e-02
1.914023247e+01 1.505866347e+20 6.149328868e+04 9.885321471e-01 1.146785293e-02
1.933276606e+01 1.482264869e+20 5.992669408e+04 9.885804091e-01 1.141959087e-02
1.952723637e+01 1.459035463e+20 5.840009655e+04 9.886285649e-01 1.137143512e-02
1.972366287e+01 1.436172424e+20 5.691248031e+04 9.886764814e-01 1.132351857e-02
1.992206525e+01 1.413669945e+20 5.546284803e+04 9.887241516e-01 1.127584843e-02
2.012246338e+01 1.391521914e+20 5.405021236e+04 9.887718522e-01 1.122814783e-02
2.032487734e+01 1.369723499e+20 5.267365730e+04 9.888190189e-01 1.118098108e-02
2.052932739e+01 1.348268223e+20 5.133222372e+04 9.888663257e-01 1.113367431e-02
2.073583403e+01 1.327151247e+20 5.002503621e+04 9.889133311e-01 1.108666886e-02
2.094441795e+01 1.306366981e+20 4.875121005e+04 9.889602032e-01 1.103979677e-02
2.115510003e+01 1.285910308e+20 4.750989766e+04 9.890068220e-01 1.099317797e-02
2.136790138e+01 1.265775860e+20 4.630026093e+04 9.890533206e-01 1.094667936e-02
2.158284333e+01 1.245958626e+20 4.512149323e+04 9.890996232e-01 1.090037676e-02
2.179994740e+01 1.226453753e+20 4.397281120e+04 9.891455897e-01 1.085441028e-02
2.201923534e+01 1.207255912e+20 4.285343192e+04 9.891915230e-01 1.080847701e-02
2.224072912e+01 1.188360263e+20 4.176260695e+04 9.892374080e-01 1.076259198e-02
2.246445093e+01 1.169762302e+20 4.069961617e+04 9.892830067e-01 1.071699328e-02
2.269042318e+01 1.151457330e+20 3.966374831e+04 9.893283012e-01 1.067169883e-02
2.291866851e+01 1.133440409e+20 3.865429967e+04 9.893735459e-01 1.062645410e-02
2.314920978e+01 1.115707028e+20 3.767059663e+04 9.894186985e-01 1.058130149e-02
2.338207009e+01 1.098252926e+20 3.671198873e+04 9.894635546e-01 1.053644538e-02
2.361727277e+01 1.081073459e+20 3.577782703e+04 9.895083124e-01 1.049168763e-02
2.385484137e+01 1.064164525e+20 3.486749477e+04 9.895527440e-01 1.044725599e-02
2.409479971e+01 1.047521545e+20 3.398037319e+04 9.895971231e-01 1.040287692e-02
2.433717181e+01 1.031140568e+20 3.311587741e+04 9.896412052e-01 1.035879477e-02
2.458198195e+01 1.015017172e+20 3.227342037e+04 9.896852535e-01 1.031474654e-02
2.482925467e+01 9.991473843e+19 3.145244222e+04 9.897291686e-01 1.027083137e-02
2.507901473e+01 9.835273946e+19 3.065240047e+04 9.897727460e-01 1.022725400e-02
2.533128715e+01 9.681529397e+19 2.987275046e+04 9.898162975e-01 1.018370247e-02
2.558609720e+01 9.530203149e+19 2.911297673e+04 9.898596400e-01 1.014035996e-02
2.584347042e+01 9.381257182e+19 2.837257218e+04 9.899027463e-01 1.009725371e-02
2.610343258e+01 9.234652938e+19 2.765103922e+04 9.899457104e-01 1.005428957e-02
2.636600972e+01 9.090352917e+19 2.694789440e+04 9.899885830e-01 1.001141697e-02
2.663122816e+01 8.948321185e+19 2.626266954e+04 9.900313093e-01 9.968690713e-03
2.689911446e+01 8.808522986e+19 2.559491016e+04 9.900737641e-01 9.926235860e-03
2.716969545e+01 8.670921267e+19 2.494416513e+04 9.901161417e-01 9.883858318e-03
2.744299824e+01 8.535483259e+19 2.431000552e+04 9.901582169e-01 9.841783070e-03
2.771905022e+01 8.402173111e+19 2.369200307e+04 9.902001786e-01 9.799821382e-03
2.799787903e+01 8.270956548e+19 2.308974341e+04 9.902421043e-01 9.757895707e-03
2.827951261e+01 8.141802943e+19 2.250283144e+04 9.902836977e-01 9.716302277e-03
2.856397917e+01 8.014677002e+19 2.193086781e+04 9.903252853e-01 9.674714712e-03
2.885130721e+01 7.889548471e+19 2.137347580e+04 9.903666470e-01 9.633353010e-03
2.914152552e+01 7.766386281e+19 2.083028467e+04 9.904077173e-01 9.592282680e-03
2.943466316e+01 7.645156950e+19 2.030092542e+04 9.904488043e-01 9.551195650e-03
2.973074950e+01 7.525832223e+19 1.978505103e+04 9.904896133e-01 9.510386692e-03
3.002981420e+01 7.408380842e+19 1.928231419e+04 9.905302965e-01 9.469703518e-03
3.033188723e+01 7.292773474e+19 1.879238025e+04 9.905708196e-01 9.429180383e-03
3.063699884e+01 7.178980808e+19 1.831492196e+04 9.906112081e-01 9.388791903e-03
3.094517960e+01 7.066974105e+19 1.784962073e+04 9.906514736e-01 9.348526376e-03
3.125646039e+01 6.956725982e+19 1.739616838e+04 9.906915005e-01 9.308499513e-03
3.157087238e+01 6.848208033e+19 1.695426092e+04 9.907313784e-01 9.268621636e-03
3.188844707e+01 6.741392935e+19 1.652360376e+04 9.907711081e-01 9.228891920e-03
3.220921628e+01 6.636254002e+19 1.610391031e+04 9.908106607e-01 9.189339292e-03
3.253321214e+01 6.532763985e+19 1.569489894e+04 9.908501552e-01 9.149844847e-03
3.286046711e+01 6.430897499e+19 1.529629868e+04 9.908894959e-01 9.110504133e-03
3.319101397e+01 6.330629825e+19 1.490784607e+04 9.909285411e-01 9.071458898e-03
3.352488583e+01 6.231934057e+19 1.452927829e+04 9.909675529e-01 9.032447107e-03
3.386211615e+01 6.134786543e+19 1.416034588e+04 9.910063492e-01 8.993650806e-03
3.420273870e+01 6.039162056e+19 1.380080125e+04 9.910450591e-01 8.954940889e-03
3.454678761e+01 5.945037913e+19 1.345040802e+04 9.910834605e-01 8.916539529e-03
3.489429734e+01 5.852388904e+19 1.310892930e+04 9.911218100e-01 8.878190027e-03
3.524530271e+01 5.761192291e+19 1.277613895e+04 9.911600193e-01 8.839980657e-03
3.559983888e+01 5.671425190e+19 1.245181546e+04 9.911980856e-01 8.801914439e-03
3.595794137e+01 5.583064803e+19 1.213574240e+04 9.912360539e-01 8.763946134e-03
3.631964605e+01 5.496090055e+19 1.182771178e+04 9.912737266e-01 8.726273450e-03
3.668498915e+01 5.410478156e+19 1.152751652e+04 9.913112718e-01 8.688728240e-03
3.705400727e+01 5.326206709e+19 1.123495495e+04 9.913488599e-01 8.651140055e-03
3.742673739e+01 5.243256434e+19 1.094983636e+04 9.913861473e-01 8.613852702e-03
3.780321684e+01 5.161606006e+19 1.067196996e+04 9.914232255e-01 8.576774475e-03
3.818348333e+01 5.081233704e+19 1.040116835e+04 9.914603335e-01 8.539666507e-03
3.856757497e+01 5.002120881e+19 1.013725452e+04 9.914971805e-01 8.502819462e-03
3.895553022e+01 4.924246931e+19 9.880051389e+03 9.915339163e-01 8.466083668e-03
3.934738795e+01 4.847592719e+19 9.629388694e+03 9.915704636e-01 8.429536413e-03
3.974318742e+01 4.772138938e+19 9.385099580e+03 9.916068395e-01 8.393160498e-03
4.014296828e+01 4.697866289e+19 9.147020865e+03 9.916431261e-01 8.356873896e-03
4.054677058e+01 4.624756912e+19 8.914995755e+03 9.916791652e-01 8.320834798e-03
4.095463477e+01 4.552790987e+19 8.688867128e+03 9.917152805e-01 8.284719507e-03
4.136660170e+01 4.481952275e+19 8.468488135e+03 9.917510877e-01 8.248912293e-03
4.178271266e+01 4.412222506e+19 8.253711295e+03 9.917866987e-01 8.213301272e-03
4.220300931e+01 4.343582983e+19 8.044391597e+03 9.918223946e-01 8.177605435e-03
4.262753378e+01 4.276018413e+19 7.840393499e+03 9.918577485e-01 8.142251480e-03
4.305632858e+01 4.209510621e+19 7.641579141e+03 9.918930498e-01 8.106950213e-03
4.348943667e+01 4.144043676e+19 7.447817774e+03 9.919281329e-01 8.071867148e-03
4.392690144e+01 4.079600692e+19 7.258979793e+03 9.919631185e-01 8.036881496e-03
4.436876672e+01 4.016165723e+19 7.074940120e+03 9.919979661e-01 8.002033933e-03
4.481507676e+01 3.953722351e+19 6.895575589e+03 9.920328162e-01 7.967183792e-03
4.526587628e+01 3.892256679e+19 6.720770119e+03 9.920672384e-01 7.932761617e-03
4.572121045e+01 3.831751346e+19 6.550404199e+03 9.921017364e-01 7.898263625e-03
4.618112486e+01 3.772192144e+19 6.384366345e+03 9.921360808e-01 7.863919224e-03
4.664566561e+01 3.713564472e+19 6.222546834e+03 9.921701960e-01 7.829803958e-03
4.711487921e+01 3.655853107e+19 6.064837314e+03 9.922042348e-01 7.795765182e-03
4.758881269e+01 3.599043854e+19 5.911133521e+03 9.922381398e-01 7.761860222e-03
4.806751351e+01 3.543122559e+19 5.761333540e+03 9.922719026e-01 7.728097449e-03
4.855102963e+01 3.488075178e+19 5.615337870e+03 9.923055465e-01 7.694453489e-03
4.903940950e+01 3.433888482e+19 5.473050501e+03 9.923389249e-01 7.661075120e-03
4.953270202e+01 3.380547790e+19 5.334375221e+03 9.923723718e-01 7.627628197e-03
5.003095663e+01 3.328041183e+19 5.199222283e+03 9.924054825e-01 7.594517451e-03
5.053422323e+01 3.276354366e+19 5.067500198e+03 9.924386101e-01 7.561389934e-03
5.104255224e+01 3.225475129e+19 4.939122708e+03 9.924715524e-01 7.528447639e-03
5.155599459e+01 3.175390690e+19 4.814004568e+03 9.925043365e-01 7.495663550e-03
5.207460171e+01 3.126088163e+19 4.692062251e+03 9.925370879e-01 7.462912072e-03
5.259842555e+01 3.077555977e+19 4.573216028e+03 9.925695803e-01 7.430419655e-03
5.312751859e+01 3.029781539e+19 4.457386399e+03 9.926019706e-01 7.398029363e-03
5.366193383e+01 2.982752699e+19 4.344496267e+03 9.926343425e-01 7.365657493e-03
5.420172481e+01 2.936458566e+19 4.234472051e+03 9.926664228e-01 7.333577153e-03
5.474694560e+01 2.890886703e+19 4.127239559e+03 9.926985151e-01 7.301484872e-03
5.529765083e+01 2.846026451e+19 4.022728762e+03 9.927303856e-01 7.269614424e-03
5.585389565e+01 2.801866351e+19 3.920870032e+03 9.927621333e-01 7.237866717e-03
5.641573581e+01 2.758395305e+19 3.821595778e+03 9.927937963e-01 7.206203686e-03
5.698322757e+01 2.715602666e+19 3.724840515e+03 9.928253140e-01 7.174686016e-03
5.755642778e+01 2.673477825e+19 3.630540240e+03 9.928566715e-01 7.143328517e-03
5.813539388e+01 2.632010180e+19 3.538632368e+03 9.928879132e-01 7.112086801e-03
5.872018386e+01 2.591189227e+19 3.449055820e+03 9.929191123e-01 7.080887714e-03
5.931085631e+01 2.551005345e+19 3.361752021e+03 9.929500672e-01 7.049932769e-03
5.990747039e+01 2.511448113e+19 3.276662634e+03 9.929809419e-01 7.019058083e-03
6.051008587e+01 2.472507745e+19 3.193731427e+03 9.930117195e-01 6.988280502e-03
6.111876312e+01 2.434174755e+19 3.112903786e+03 9.930423236e-01 6.957676368e-03
6.173356312e+01 2.396439396e+19 3.034125963e+03 9.930728433e-01 6.927156652e-03
6.235454746e+01 2.359292535e+19 2.957346161e+03 9.931031793e-01 6.896820733e-03
6.298177835e+01 2.322724593e+19 2.882513164e+03 9.931334792e-01 6.866520808e-03
6.361531861e+01 2.286726740e+19 2.809577809e+03 9.931636374e-01 6.836362612e-03
6.425523173e+01 2.251290107e+19 2.738491954e+03 9.931936237e-01 6.806376339e-03
6.490158179e+01 2.216405674e+19 2.669208334e+03 9.932235351e-01 6.776464916e-03
6.555443356e+01 2.182065059e+19 2.601681486e+03 9.932532482e-01 6.746751822e-03
6.621385243e+01 2.148259167e+19 2.535866097e+03 9.932830250e-01 6.716975039e-03
6.687990447e+01 2.114980425e+19 2.471719641e+03 9.933124908e-01 6.687509206e-03
6.755265639e+01 2.082220103e+19 2.409199165e+03 9.933418643e-01 6.658135718e-03
6.823217560e+01 2.049969976e+19 2.348263252e+03 9.933711950e-01 6.628805002e-03
6.891853015e+01 2.018222387e+19 2.288872035e+03 9.934003197e-01 6.599680283e-03
6.961178882e+01 1.986969233e+19 2.230986019e+03 9.934293502e-01 6.570649772e-03
7.031202106e+01 1.956202698e+19 2.174566896e+03 9.934583229e-01 6.541677124e-03
7.101929700e+01 1.925915414e+19 2.119577694e+03 9.934871083e-01 6.512891743e-03
7.173368750e+01 1.896099706e+19 2.065981911e+03 9.935157936e-01 6.484206383e-03
7.245526413e+01 1.866748192e+19 2.013744169e+03 9.935443762e-01 6.455623763e-03
7.318409918e+01 1.837853661e+19 1.962830043e+03 9.935728263e-01 6.427173741e-03
7.392026565e+01 1.809408949e+19 1.913205917e+03 9.936011476e-01 6.398852419e-03
7.466383730e+01 1.781406907e+19 1.864838926e+03 9.936293984e-01 6.370601604e-03
7.541488861e+01 1.753840778e+19 1.817697333e+03 9.936574833e-01 6.342516691e-03
7.617349483e+01 1.726703579e+19 1.771749865e+03 9.936854919e-01 6.314508123e-03
7.693973194e+01 1.699988573e+19 1.726966184e+03 9.937134390e-01 6.286560973e-03
7.771367672e+01 1.673689507e+19 1.683317108e+03 9.937411161e-01 6.258883887e-03
7.849540668e+01 1.647799367e+19 1.640773330e+03 9.937688220e-01 6.231178048e-03
7.928500015e+01 1.622312049e+19 1.599307090e+03 9.937963814e-01 6.203618552e-03
8.008253622e+01 1.597221327e+19 1.558891116e+03 9.938237454e-01 6.176254636e-03
8.088809479e+01 1.572520766e+19 1.519498527e+03 9.938510564e-01 6.148943595e-03
8.170175656e+01 1.548204266e+19 1.481103357e+03 9.938783156e-01 6.121684447e-03
8.252360304e+01 1.524266036e+19 1.443680505e+03 9.939053822e-01 6.094617846e-03
8.335371655e+01 1.500700020e+19 1.407205163e+03 9.939323477e-01 6.067652309e-03
8.419218026e+01 1.477500390e+19 1.371653286e+03 9.939592163e-01 6.040783736e-03
8.503907817e+01 1.454661413e+19 1.337001441e+03 9.939859913e-01 6.014008668e-03
8.589449511e+01 1.432177502e+19 1.303226842e+03 9.940126364e-01 5.987363586e-03
8.675851678e+01 1.410043138e+19 1.270307263e+03 9.940391296e-01 5.960870408e-03
8.763122973e+01 1.388252639e+19 1.238220820e+03 9.940656244e-01 5.934375564e-03
8.851272140e+01 1.366800897e+19 1.206946617e+03 9.940919312e-01 5.908068769e-03
8.940308008e+01 1.345682524e+19 1.176463971e+03 9.941181149e-01 5.881885103e-03
9.030239497e+01 1.324892261e+19 1.146752763e+03 9.941442128e-01 5.855787209e-03
9.121075616e+01 1.304424993e+19 1.117793438e+03 9.941702162e-01 5.829783804e-03
9.212825466e+01 1.284275742e+19 1.089566988e+03 9.941960716e-01 5.803928372e-03
9.305498236e+01 1.264439395e+19 1.062054705e+03 9.942218927e-01 5.778107331e-03
9.399103212e+01 1.244911225e+19 1.035238619e+03 9.942475507e-01 5.752449310e-03
9.493649770e+01 1.225686328e+19 1.009100999e+03 9.942731186e-01 5.726881399e-03
9.589147381e+01 1.206759952e+19 9.836246323e+02 9.942986090e-01 5.701390989e-03
9.685605613e+01 1.188127517e+19 9.587928212e+02 9.943239536e-01 5.676046440e-03
9.783034128e+01 1.169784388e+19 9.345891886e+02 9.943491895e-01 5.650810490e-03
9.881442687e+01 1.151726042e+19 9.109978060e+02 9.943743213e-01 5.625678679e-03
9.980841148e+01 1.133948022e+19 8.880031469e+02 9.943993568e-01 5.600643205e-03
1.008123947e+02 1.116445889e+19 8.655900353e+02 9.944243546e-01 5.575645444e-03
1.018264771e+02 1.099215470e+19 8.437438369e+02 9.944491941e-01 5.550805917e-03
1.028507602e+02 1.082252629e+19 8.224502634e+02 9.944737760e-01 5.526223953e-03
1.038853467e+02 1.065552736e+19 8.016949638e+02 9.944985217e-01 5.501478324e-03
1.049303402e+02 1.049112109e+19 7.814646175e+02 9.945230374e-01 5.476962575e-03
1.059858454e+02 1.032926584e+19 7.617458323e+02 9.945474341e-01 5.452565852e-03
1.070519681e+02 1.016992163e+19 7.425256331e+02 9.945717282e-01 5.428271810e-03
1.081288150e+02 1.001304860e+19 7.237913372e+02 9.945959881e-01 5.404011946e-03
1.092164940e+02 9.858608898e+18 7.055306860e+02 9.946201439e-01 5.379856091e-03
1.103151141e+02 9.706565259e+18 6.877317281e+02 9.946441260e-01 5.355874048e-03
1.114247853e+02 9.556879153e+18 6.703826855e+02 9.946680519e-01 5.331948112e-03
1.125456188e+02 9.409514421e+18 6.534722040e+02 9.946918589e-01 5.308141071e-03
1.136777269e+02 9.264434923e+18 6.369891787e+02 9.947155398e-01 5.284460209e-03
1.148212230e+02 9.121604106e+18 6.209227199e+02 9.947391939e-01 5.260806066e-03
1.159762216e+02 8.980986968e+18 6.052622818e+02 9.947628171e-01 5.237182856e-03
1.171428385e+02 8.842550842e+18 5.899977055e+02 9.947862041e-01 5.213795947e-03
1.183211905e+02 8.706260388e+18 5.751188756e+02 9.948095036e-01 5.190496372e-03
1.195113957e+02 8.572081564e+18 5.606159851e+02 9.948327852e-01 5.167214761e-03
1.207135733e+02 8.439982678e+18 5.464795943e+02 9.948559079e-01 5.144092142e-03
1.219278437e+02 8.309931254e+18 5.327004187e+02 9.948788768e-01 5.121123228e-03
1.231543286e+02 8.181894156e+18 5.192693352e+02 9.949018399e-01 5.098160128e-03
1.243931508e+02 8.055840640e+18 5.061775723e+02 9.949247209e-01 5.075279125e-03
1.256444344e+02 7.931740292e+18 4.934165705e+02 9.949474584e-01 5.052541581e-03
1.269083049e+02 7.809561842e+18 4.809779041e+02 9.949701586e-01 5.029841391e-03
1.281848887e+02 7.689276396e+18 4.688534779e+02 9.949926881e-01 5.007311884e-03
1.294743139e+02 7.570853592e+18 4.570352842e+02 9.950151598e-01 4.984840199e-03
1.307767095e+02 7.454264511e+18 4.455155779e+02 9.950375629e-01 4.962437145e-03
1.320922060e+02 7.339481516e+18 4.342868590e+02 9.950597734e-01 4.940226632e-03
1.334209353e+02 7.226475285e+18 4.233416922e+02 9.950819535e-01 4.918046547e-03
1.347630303e+02 7.115218490e+18 4.126729219e+02 9.951040580e-01 4.895941960e-03
1.361186257e+02 7.005684307e+18 4.022735776e+02 9.951260290e-01 4.873970990e-03
1.374878571e+02 6.897845026e+18 3.921367907e+02 9.951479943e-01 4.852005730e-03
1.388708618e+02 6.791675372e+18 3.822559809e+02 9.951697942e-01 4.830205762e-03
1.402677782e+02 6.687148835e+18 3.726246419e+02 9.951915046e-01 4.808495367e-03
1.416787464e+02 6.584239708e+18 3.632364549e+02 9.952131459e-01 4.786854141e-03
1.431039077e+02 6.482922999e+18 3.540852783e+02 9.952346915e-01 4.765308525e-03
1.445434048e+02 6.383173929e+18 3.451651165e+02 9.952561415e-01 4.743858475e-03
1.459973820e+02 6.284968134e+18 3.364701273e+02 9.952774917e-01 4.722508336e-03
1.474659848e+02 6.188281408e+18 3.279946045e+02 9.952987735e-01 4.701226474e-03
1.489493605e+02 6.093090365e+18 3.197330102e+02 9.953199478e-01 4.680052180e-03
1.504476576e+02 5.999371528e+18 3.116799228e+02 9.953410492e-01 4.658950760e-03
1.519610263e+02 5.907102340e+18 3.038300866e+02 9.953620210e-01 4.637978981e-03
1.534896181e+02 5.816259681e+18 2.961783323e+02 9.953829606e-01 4.617039414e-03
1.550335861e+02 5.726821890e+18 2.887196774e+02 9.954037789e-01 4.596221065e-03
1.565930851e+02 5.638766732e+18 2.814492196e+02 9.954245444e-01 4.575455557e-03
1.581682713e+02 5.552072892e+18 2.743622095e+02 9.954452254e-01 4.554774619e-03
1.597593024e+02 5.466719530e+18 2.674540249e+02 9.954657632e-01 4.534236789e-03
1.613663378e+02 2.429618591e+16 1.176829806e+00 0.000000000e+00 1.000000000e+00
1.629895386e+02 2.381446149e+16 1.142009024e+00 0.000000000e+00 1.000000000e+00
1.646290674e+02 2.334281696e+16 1.108243638e+00 0.000000000e+00 1.000000000e+00
1.662850883e+02 2.288010922e+16 1.075457589e+00 0.000000000e+00 1.000000000e+00
1.679577673e+02 2.242705877e+16 1.043664061e+00 0.000000000e+00 1.000000000e+00
1.696472720e+02 2.198237586e+16 1.012782642e+00 0.000000000e+00 1.000000000e+00
1.713537715e+02 2.154647151e+16 9.828132254e-01 0.000000000e+00 1.000000000e+00
1.730774370e+02 2.111953181e+16 9.537451254e-01 0.000000000e+00 1.000000000e+00
1.748184409e+02 2.070099584e+16 9.255342521e-01 0.000000000e+00 1.000000000e+00
1.765769578e+02 2.029067310e+16 8.981542393e-01 0.000000000e+00 1.000000000e+00
1.783531638e+02 1.988860042e+16 8.715893304e-01 0.000000000e+00 1.000000000e+00
1.801472369e+02 1.949438808e+16 8.458054957e-01 0.000000000e+00 1.000000000e+00
1.819593567e+02 1.910787351e+16 8.207794328e-01 0.000000000e+00 1.000000000e+00
1.837897048e+02 1.872931431e+16 7.965062686e-01 0.000000000e+00 1.000000000e+00
1.856384646e+02 1.835796677e+16 7.729388061e-01 0.000000000e+00 1.000000000e+00
1.875058212e+02 1.799427541e+16 7.500809030e-01 0.000000000e+00 1.000000000e+00
1.893919618e+02 1.763758491e+16 7.278905402e-01 0.000000000e+00 1.000000000e+00
1.912970753e+02 1.728810479e+16 7.063623726e-01 0.000000000e+00 1.000000000e+00
1.932213525e+02 1.694536508e+16 6.854634660e-01 0.000000000e+00 1.000000000e+00
1.951649862e+02 1.660964875e+16 6.651920400e-01 0.000000000e+00 1.000000000e+00
1.971281711e+02 1.628039509e+16 6.455126359e-01 0.000000000e+00 1.000000000e+00
1.991111039e+02 1.595774500e+16 6.264184509e-01 0.000000000e+00 1.000000000e+00
2.011139832e+02 1.564147103e+16 6.078883601e-01 0.000000000e+00 1.000000000e+00
2.031370097e+02 1.533163926e+16 5.899130959e-01 0.000000000e+00 1.000000000e+00
2.051803860e+02 1.502767216e+16 5.724589767e-01 0.000000000e+00 1.000000000e+00
2.072443169e+02 1.472993114e+16 5.555288105e-01 0.000000000e+00 1.000000000e+00
2.093290090e+02 1.443796689e+16 5.390947774e-01 0.000000000e+00 1.000000000e+00
2.114346713e+02 1.415173041e+16 5.231447149e-01 0.000000000e+00 1.000000000e+00
2.135615147e+02 1.387118226e+16 5.076670610e-01 0.000000000e+00 1.000000000e+00
2.157097522e+02 1.359635516e+16 4.926531011e-01 0.000000000e+00 1.000000000e+00
2.178795991e+02 1.332692095e+16 4.780812976e-01 0.000000000e+00 1.000000000e+00
2.200712727e+02 1.306284738e+16 4.639412606e-01 0.000000000e+00 1.000000000e+00
2.222849925e+02 1.280400543e+16 4.502194029e-01 0.000000000e+00 1.000000000e+00
2.245209804e+02 1.255018245e+16 4.368995625e-01 0.000000000e+00 1.000000000e+00
2.267794603e+02 1.230137716e+16 4.239733095e-01 0.000000000e+00 1.000000000e+00
2.290606585e+02 1.205771230e+16 4.114365909e-01 0.000000000e+00 1.000000000e+00
2.313648035e+02 1.181874661e+16 3.992662766e-01 0.000000000e+00 1.000000000e+00
2.336921262e+02 1.158452776e+16 3.874563251e-01 0.000000000e+00 1.000000000e+00
2.360428596e+02 1.135488790e+16 3.759936272e-01 0.000000000e+00 1.000000000e+00
2.384172393e+02 1.112987175e+16 3.648723935e-01 0.000000000e+00 1.000000000e+00
2.408155031e+02 1.090931736e+16 3.540801936e-01 0.000000000e+00 1.000000000e+00
2.432378913e+02 1.069304528e+16 3.436043682e-01 0.000000000e+00 1.000000000e+00
2.456846466e+02 1.048110050e+16 3.334397474e-01 0.000000000e+00 1.000000000e+00
2.481560141e+02 1.027340699e+16 3.235774059e-01 0.000000000e+00 1.000000000e+00
2.506522412e+02 1.006979801e+16 3.140057980e-01 0.000000000e+00 1.000000000e+00
2.531735782e+02 9.870187464e+15 3.047161847e-01 0.000000000e+00 1.000000000e+00
2.557202776e+02 9.674506052e+15 2.957005510e-01 0.000000000e+00 1.000000000e+00
2.582925945e+02 9.482886749e+15 2.869571891e-01 0.000000000e+00 1.000000000e+00
2.608907866e+02 9.294955694e+15 2.784691455e-01 0.000000000e+00 1.000000000e+00
2.635151142e+02 9.110736737e+15 2.702318088e-01 0.000000000e+00 1.000000000e+00
2.661658402e+02 8.930116442e+15 2.622365997e-01 0.000000000e+00 1.000000000e+00
2.688432301e+02 8.753176464e+15 2.544808342e-01 0.000000000e+00 1.000000000e+00
2.715475521e+02 8.579721600e+15 2.469538516e-01 0.000000000e+00 1.000000000e+00
2.742790772e+02 8.409737300e+15 2.396504509e-01 0.000000000e+00 1.000000000e+00
2.770380790e+02 8.243032478e+15 2.325605491e-01 0.000000000e+00 1.000000000e+00
2.798248339e+02 8.079667132e+15 2.256813727e-01 0.000000000e+00 1.000000000e+00
2.826396210e+02 7.919543108e+15 2.190057843e-01 0.000000000e+00 1.000000000e+00
2.854827224e+02 7.762535545e+15 2.125261000e-01 0.000000000e+00 1.000000000e+00
2.883544228e+02 7.608687182e+15 2.062393886e-01 0.000000000e+00 1.000000000e+00
2.912550100e+02 7.457875936e+15 2.001383202e-01 0.000000000e+00 1.000000000e+00
2.941847745e+02 7.310096065e+15 1.942188564e-01 0.000000000e+00 1.000000000e+00
2.971440097e+02 7.165232109e+15 1.884741461e-01 0.000000000e+00 1.000000000e+00
3.001330123e+02 7.023229590e+15 1.828991129e-01 0.000000000e+00 1.000000000e+00
3.031520815e+02 6.884050674e+15 1.774892296e-01 0.000000000e+00 1.000000000e+00
3.062015198e+02 6.747652144e+15 1.722399315e-01 0.000000000e+00 1.000000000e+00
3.092816328e+02 6.613897287e+15 1.671443948e-01 0.000000000e+00 1.000000000e+00
3.123927290e+02 6.482786163e+15 1.621994137e-01 0.000000000e+00 1.000000000e+00
3.155351199e+02 6.354289513e+15 1.574011113e-01 0.000000000e+00 1.000000000e+00
3.187091206e+02 6.228368407e+15 1.527454568e-01 0.000000000e+00 1.000000000e+00
3.219150488e+02 6.104940449e+15 1.482274553e-01 0.000000000e+00 1.000000000e+00
3.251532258e+02 5.983994314e+15 1.438439517e-01 0.000000000e+00 1.000000000e+00
3.284239759e+02 5.865358267e+15 1.395880341e-01 0.000000000e+00 1.000000000e+00
3.317276269e+02 5.749126659e+15 1.354592714e-01 0.000000000e+00 1.000000000e+00
3.350645096e+02 5.635126946e+15 1.314509639e-01 0.000000000e+00 1.000000000e+00
3.384349584e+02 5.523502296e+15 1.275639100e-01 0.000000000e+00 1.000000000e+00
3.418393109e+02 5.414006966e+15 1.237899268e-01 0.000000000e+00 1.000000000e+00
3.452779081e+02 5.306734273e+15 1.201287755e-01 0.000000000e+00 1.000000000e+00
3.487510946e+02 5.201557294e+15 1.165752371e-01 0.000000000e+00 1.000000000e+00
3.522592181e+02 5.098471509e+15 1.131269635e-01 0.000000000e+00 1.000000000e+00
3.558026303e+02 4.997384802e+15 1.097797248e-01 0.000000000e+00 1.000000000e+00
3.593816860e+02 4.898346344e+15 1.065324826e-01 0.000000000e+00 1.000000000e+00
3.629967438e+02 4.801333254e+15 1.033826409e-01 0.000000000e+00 1.000000000e+00
3.666481658e+02 4.706142150e+15 1.003238118e-01 0.000000000e+00 1.000000000e+00
3.703363179e+02 4.612835280e+15 9.735542180e-02 0.000000000e+00 1.000000000e+00
3.740615695e+02 4.521454256e+15 9.447644651e-02 0.000000000e+00 1.000000000e+00
3.778242937e+02 4.431841064e+15 9.168172973e-02 0.000000000e+00 1.000000000e+00
3.816248677e+02 4.344042479e+15 8.897047253e-02 0.000000000e+00 1.000000000e+00
3.854636719e+02 4.257883055e+15 8.633736209e-02 0.000000000e+00 1.000000000e+00
3.893410911e+02 4.173502989e+15 8.378359430e-02 0.000000000e+00 1.000000000e+00
3.932575137e+02 4.090795450e+15 8.130537092e-02 0.000000000e+00 1.000000000e+00
3.972133320e+02 4.009748021e+15 7.890086518e-02 0.000000000e+00 1.000000000e+00
4.012089422e+02 3.930291283e+15 7.656717687e-02 0.000000000e+00 1.000000000e+00
4.052447448e+02 3.852382323e+15 7.430199765e-02 0.000000000e+00 1.000000000e+00
4.093211439e+02 3.776016339e+15 7.210380543e-02 0.000000000e+00 1.000000000e+00
4.134385479e+02 3.701182098e+15 6.997098484e-02 0.000000000e+00 1.000000000e+00
4.175973693e+02 3.627845065e+15 6.790151709e-02 0.000000000e+00 1.000000000e+00
4.217980247e+02 3.555933432e+15 6.589274213e-02 0.000000000e+00 1.000000000e+00
4.260409349e+02 3.485479900e+15 6.394399323e-02 0.000000000e+00 1.000000000e+00
4.303265250e+02 3.416392096e+15 6.205232983e-02 0.000000000e+00 1.000000000e+00
4.346552244e+02 3.348697229e+15 6.021705046e-02 0.000000000e+00 1.000000000e+00
4.390274665e+02 3.282328078e+15 5.843577346e-02 0.000000000e+00 1.000000000e+00
4.434436895e+02 3.217276735e+15 5.670723081e-02 0.000000000e+00 1.000000000e+00
4.479043358e+02 3.153494634e+15 5.502947002e-02 0.000000000e+00 1.000000000e+00
4.524098521e+02 3.091028745e+15 5.340224197e-02 0.000000000e+00 1.000000000e+00
4.569606899e+02 3.029765351e+15 5.182253500e-02 0.000000000e+00 1.000000000e+00
4.615573051e+02 2.969692906e+15 5.028916364e-02 0.000000000e+00 1.000000000e+00
4.662001581e+02 2.910849196e+15 4.880179432e-02 0.000000000e+00 1.000000000e+00
4.708897140e+02 2.853169394e+15 4.735838166e-02 0.000000000e+00 1.000000000e+00
4.756264426e+02 2.796627598e+15 4.595757960e-02 0.000000000e+00 1.000000000e+00
4.804108185e+02 2.741191438e+15 4.459796971e-02 0.000000000e+00 1.000000000e+00
4.852433210e+02 2.686852978e+15 4.327856347e-02 0.000000000e+00 1.000000000e+00
4.901244341e+02 2.633621049e+15 4.199865972e-02 0.000000000e+00 1.000000000e+00
4.950546468e+02 2.581405018e+15 4.075599583e-02 0.000000000e+00 1.000000000e+00
5.000344530e+02 2.530262534e+15 3.955069837e-02 0.000000000e+00 1.000000000e+00
5.050643516e+02 2.480118843e+15 3.838082237e-02 0.000000000e+00 1.000000000e+00
5.101448465e+02 2.430965754e+15 3.724550245e-02 0.000000000e+00 1.000000000e+00
5.152764467e+02 2.382795208e+15 3.614389293e-02 0.000000000e+00 1.000000000e+00
5.204596661e+02 2.335569708e+15 3.507472345e-02 0.000000000e+00 1.000000000e+00
5.256950241e+02 2.289267457e+15 3.403699170e-02 0.000000000e+00 1.000000000e+00
5.309830451e+02 2.243878946e+15 3.302990088e-02 0.000000000e+00 1.000000000e+00
5.363242588e+02 2.199424812e+15 3.205311039e-02 0.000000000e+00 1.000000000e+00
5.417192003e+02 2.155832164e+15 3.110492932e-02 0.000000000e+00 1.000000000e+00
5.471684102e+02 2.113109332e+15 3.018487989e-02 0.000000000e+00 1.000000000e+00
5.526724342e+02 2.071244796e+15 2.929220918e-02 0.000000000e+00 1.000000000e+00
5.582318237e+02 2.030192396e+15 2.842569593e-02 0.000000000e+00 1.000000000e+00
5.638471358e+02 1.989973313e+15 2.758508801e-02 0.000000000e+00 1.000000000e+00
5.695189328e+02 1.950511897e+15 2.676880216e-02 0.000000000e+00 1.000000000e+00
5.752477831e+02 1.911850822e+15 2.597691354e-02 0.000000000e+00 1.000000000e+00
5.810342604e+02 1.873971184e+15 2.520865460e-02 0.000000000e+00 1.000000000e+00
5.868789445e+02 1.836819267e+15 2.446281314e-02 0.000000000e+00 1.000000000e+00
5.927824209e+02 1.800415167e+15 2.373918731e-02 0.000000000e+00 1.000000000e+00
5.987452810e+02 1.764734414e+15 2.303699095e-02 0.000000000e+00 1.000000000e+00
6.047681222e+02 1.729756312e+15 2.235550750e-02 0.000000000e+00 1.000000000e+00
6.108515477e+02 1.695480477e+15 2.169429868e-02 0.000000000e+00 1.000000000e+00
6.169961670e+02 1.661881761e+15 2.105262022e-02 0.000000000e+00 1.000000000e+00
6.232025957e+02 1.628937207e+15 2.042977531e-02 0.000000000e+00 1.000000000e+00
6.294714555e+02 1.596659373e+15 1.982552671e-02 0.000000000e+00 1.000000000e+00
6.358033744e+02 1.565011661e+15 1.923903345e-02 0.000000000e+00 1.000000000e+00
6.421989867e+02 1.534009476e+15 1.867011215e-02 0.000000000e+00 1.000000000e+00
6.486589332e+02 1.503606359e+15 1.811783294e-02 0.000000000e+00 1.000000000e+00
6.551838609e+02 1.473789590e+15 1.758169712e-02 0.000000000e+00 1.000000000e+00
6.617744236e+02 1.444592516e+15 1.706176212e-02 0.000000000e+00 1.000000000e+00
6.684312814e+02 1.415947969e+15 1.655690014e-02 0.000000000e+00 1.000000000e+00
6.751551013e+02 1.387900279e+15 1.606731137e-02 0.000000000e+00 1.000000000e+00
6.819465567e+02 1.360395786e+15 1.559205785e-02 0.000000000e+00 1.000000000e+00
6.888063281e+02 1.333420644e+15 1.513068349e-02 0.000000000e+00 1.000000000e+00
6.957351027e+02 1.306991850e+15 1.468309011e-02 0.000000000e+00 1.000000000e+00
7.027335746e+02 1.281103093e+15 1.424891766e-02 0.000000000e+00 1.000000000e+00
7.098024447e+02 1.255709301e+15 1.382738709e-02 0.000000000e+00 1.000000000e+00
7.169424214e+02 1.230820636e+15 1.341834615e-02 0.000000000e+00 1.000000000e+00
7.241542199e+02 1.206434730e+15 1.302150750e-02 0.000000000e+00 1.000000000e+00
7.314385626e+02 1.182510395e+15 1.263617449e-02 0.000000000e+00 1.000000000e+00
7.387961793e+02 1.159077175e+15 1.226242074e-02 0.000000000e+00 1.000000000e+00
7.462278069e+02 1.136118160e+15 1.189982497e-02 0.000000000e+00 1.000000000e+00
7.537341901e+02 1.113596159e+15 1.154776690e-02 0.000000000e+00 1.000000000e+00
7.613160808e+02 1.091527262e+15 1.120619264e-02 0.000000000e+00 1.000000000e+00
7.689742386e+02 1.069894210e+15 1.087470656e-02 0.000000000e+00 1.000000000e+00
7.767094305e+02 1.048690770e+15 1.055303474e-02 0.000000000e+00 1.000000000e+00
7.845224315e+02 1.027908498e+15 1.024088741e-02 0.000000000e+00 1.000000000e+00
7.924140243e+02 1.007539510e+15 9.937987194e-03 0.000000000e+00 1.000000000e+00
8.003849995e+02 9.875669261e+14 9.643975460e-03 0.000000000e+00 1.000000000e+00
8.084361556e+02 9.679975826e+14 9.358732735e-03 0.000000000e+00 1.000000000e+00
8.165682990e+02 9.488027352e+14 9.081799564e-03 0.000000000e+00 1.000000000e+00
8.247822446e+02 9.300109306e+14 8.813273551e-03 0.000000000e+00 1.000000000e+00
8.330788150e+02 9.115722199e+14 8.552508045e-03 0.000000000e+00 1.000000000e+00
8.414588416e+02 8.935076319e+14 8.299537444e-03 0.000000000e+00 1.000000000e+00
8.499231637e+02 8.757979972e+14 8.054021461e-03 0.000000000e+00 1.000000000e+00
8.584726293e+02 8.584427284e+14 7.815798847e-03 0.000000000e+00 1.000000000e+00
8.671080948e+02 8.414318809e+14 7.584626913e-03 0.000000000e+00 1.000000000e+00
8.758304254e+02 8.247589876e+14 7.360300221e-03 0.000000000e+00 1.000000000e+00
8.846404949e+02 8.084047303e+14 7.142504636e-03 0.000000000e+00 1.000000000e+00
8.935391857e+02 7.923795654e+14 6.931195751e-03 0.000000000e+00 1.000000000e+00
9.025273894e+02 7.766842024e+14 6.726243443e-03 0.000000000e+00 1.000000000e+00
9.116060064e+02 7.612891859e+14 6.527261065e-03 0.000000000e+00 1.000000000e+00
9.207759461e+02 7.462076860e+14 6.334236185e-03 0.000000000e+00 1.000000000e+00
9.300381272e+02 7.314134904e+14 6.146823086e-03 0.000000000e+00 1.000000000e+00
9.393934776e+02 7.169243579e+14 5.965052852e-03 0.000000000e+00 1.000000000e+00
9.488429344e+02 7.027073134e+14 5.788534765e-03 0.000000000e+00 1.000000000e+00
9.583874442e+02 6.887881432e+14 5.617370220e-03 0.000000000e+00 1.000000000e+00
9.680279633e+02 6.751336841e+14 5.451178132e-03 0.000000000e+00 1.000000000e+00
9.777654574e+02 6.617467853e+14 5.289877929e-03 0.000000000e+00 1.000000000e+00
9.876009019e+02 6.486381827e+14 5.133452321e-03 0.000000000e+00 1.000000000e+00
9.975352822e+02 6.357872799e+14 4.981636902e-03 0.000000000e+00 1.000000000e+00
1.007569594e+03 6.231786533e+14 4.834215604e-03 0.000000000e+00 1.000000000e+00
1.017704841e+03 6.108295949e+14 4.691230051e-03 0.000000000e+00 1.000000000e+00
1.027942040e+03 5.987327618e+14 4.552530828e-03 0.000000000e+00 1.000000000e+00
1.038282216e+03 5.868611577e+14 4.417824416e-03 0.000000000e+00 1.000000000e+00
1.048726405e+03 5.752231012e+14 4.287090157e-03 0.000000000e+00 1.000000000e+00
1.059275653e+03 5.638247658e+14 4.160290511e-03 0.000000000e+00 1.000000000e+00
1.069931017e+03 5.526551667e+14 4.037262215e-03 0.000000000e+00 1.000000000e+00
1.080693564e+03 5.416958072e+14 3.917792308e-03 0.000000000e+00 1.000000000e+00
1.091564374e+03 5.309548448e+14 3.801865386e-03 0.000000000e+00 1.000000000e+00
1.102544533e+03 5.204359859e+14 3.689433431e-03 0.000000000e+00 1.000000000e+00
1.113635144e+03 5.101326790e+14 3.580376665e-03 0.000000000e+00 1.000000000e+00
1.124837315e+03 5.000227898e+14 3.474470143e-03 0.000000000e+00 1.000000000e+00
1.136152171e+03 4.901045579e+14 3.371636441e-03 0.000000000e+00 1.000000000e+00
1.147580844e+03 4.804014621e+14 3.271971640e-03 0.000000000e+00 1.000000000e+00
1.159124479e+03 4.708702603e+14 3.175116643e-03 0.000000000e+00 1.000000000e+00
1.170784233e+03 4.615404510e+14 3.081210757e-03 0.000000000e+00 1.000000000e+00
1.182561274e+03 4.524007386e+14 2.990116800e-03 0.000000000e+00 1.000000000e+00
1.194456781e+03 4.434274988e+14 2.901620977e-03 0.000000000e+00 1.000000000e+00
1.206471946e+03 4.346354029e+14 2.815764773e-03 0.000000000e+00 1.000000000e+00
1.218607973e+03 4.260305517e+14 2.732531832e-03 0.000000000e+00 1.000000000e+00
1.230866077e+03 4.175801862e+14 2.651658437e-03 0.000000000e+00 1.000000000e+00
1.243247487e+03 4.093064992e+14 2.573235599e-03 0.000000000e+00 1.000000000e+00
1.255753443e+03 4.011898071e+14 2.497088953e-03 0.000000000e+00 1.000000000e+00
1.268385198e+03 3.932412541e+14 2.423239881e-03 0.000000000e+00 1.000000000e+00
1.281144016e+03 3.854527824e+14 2.351590694e-03 0.000000000e+00 1.000000000e+00
1.294031177e+03 3.778098695e+14 2.282007456e-03 0.000000000e+00 1.000000000e+00
1.307047972e+03 3.703200044e+14 2.214492154e-03 0.000000000e+00 1.000000000e+00
1.320195703e+03 3.629853917e+14 2.149014435e-03 0.000000000e+00 1.000000000e+00
1.333475689e+03 3.557904099e+14 2.085439695e-03 0.000000000e+00 1.000000000e+00
1.346889260e+03 3.487372427e+14 2.023741045e-03 0.000000000e+00 1.000000000e+00
1.360437759e+03 3.418281997e+14 1.963892496e-03 0.000000000e+00 1.000000000e+00
1.374122545e+03 3.350498759e+14 1.905778823e-03 0.000000000e+00 1.000000000e+00
1.387944986e+03 3.284136613e+14 1.849428145e-03 0.000000000e+00 1.000000000e+00
1.401906469e+03 3.219077138e+14 1.794737115e-03 0.000000000e+00 1.000000000e+00
1.416008393e+03 3.155201553e+14 1.741605470e-03 0.000000000e+00 1.000000000e+00
1.430252168e+03 3.092693032e+14 1.690101166e-03 0.000000000e+00 1.000000000e+00
1.444639224e+03 3.031398300e+14 1.640106693e-03 0.000000000e+00 1.000000000e+00
1.459171000e+03 2.971318916e+14 1.591591380e-03 0.000000000e+00 1.000000000e+00
1.473848953e+03 2.912404785e+14 1.544497675e-03 0.000000000e+00 1.000000000e+00
1.488674553e+03 2.854734306e+14 1.498837083e-03 0.000000000e+00 1.000000000e+00
1.503649286e+03 2.798149156e+14 1.454496930e-03 0.000000000e+00 1.000000000e+00
1.518774650e+03 2.742716334e+14 1.411484306e-03 0.000000000e+00 1.000000000e+00
1.534052163e+03 2.688320324e+14 1.369712404e-03 0.000000000e+00 1.000000000e+00
1.549483353e+03 2.635088201e+14 1.329219617e-03 0.000000000e+00 1.000000000e+00
1.565069768e+03 2.582816061e+14 1.289876933e-03 0.000000000e+00 1.000000000e+00
1.580812967e+03 2.531644695e+14 1.251730300e-03 0.000000000e+00 1.000000000e+00
1.596714529e+03 2.481497224e+14 1.214716741e-03 0.000000000e+00 1.000000000e+00
1.612776047e+03 2.432303351e+14 1.178778412e-03 0.000000000e+00 1.000000000e+00
1.628999129e+03 2.384112828e+14 1.143916838e-03 0.000000000e+00 1.000000000e+00
1.645385401e+03 2.336868775e+14 1.110082321e-03 0.000000000e+00 1.000000000e+00
1.661936504e+03 2.290536987e+14 1.077237299e-03 0.000000000e+00 1.000000000e+00
1.678654097e+03 2.245130462e+14 1.045367197e-03 0.000000000e+00 1.000000000e+00
1.695539853e+03 2.200627194e+14 1.014441421e-03 0.000000000e+00 1.000000000e+00
1.712595465e+03 2.157021330e+14 9.844375037e-04 0.000000000e+00 1.000000000e+00
1.729822641e+03 2.114264433e+14 9.553141867e-04 0.000000000e+00 1.000000000e+00
1.747223107e+03 2.072382437e+14 9.270646874e-04 0.000000000e+00 1.000000000e+00
1.764798606e+03 2.031302606e+14 8.996383783e-04 0.000000000e+00 1.000000000e+00
1.782550899e+03 1.991044844e+14 8.730268539e-04 0.000000000e+00 1.000000000e+00
1.800481764e+03 1.951579101e+14 8.471999706e-04 0.000000000e+00 1.000000000e+00
1.818592998e+03 1.912905744e+14 8.221414737e-04 0.000000000e+00 1.000000000e+00
1.836886414e+03 1.874999988e+14 7.978246815e-04 0.000000000e+00 1.000000000e+00
1.855363846e+03 1.837837432e+14 7.742237751e-04 0.000000000e+00 1.000000000e+00
1.874027144e+03 1.801394212e+14 7.513138354e-04 0.000000000e+00 1.000000000e+00
1.892878178e+03 1.765714941e+14 7.290988745e-04 0.000000000e+00 1.000000000e+00
1.911918837e+03 1.730707388e+14 7.075264758e-04 0.000000000e+00 1.000000000e+00
1.931151027e+03 1.696415841e+14 6.866012349e-04 0.000000000e+00 1.000000000e+00
1.950576676e+03 1.662784954e+14 6.662873372e-04 0.000000000e+00 1.000000000e+00
1.970197730e+03 1.629832467e+14 6.465790830e-04 0.000000000e+00 1.000000000e+00
1.990016154e+03 1.597533078e+14 6.274538056e-04 0.000000000e+00 1.000000000e+00
